$$$ exec p2 : [../anestor.filler]
rect x 0 y 0 h 1 w 3
Plateau 15 17: x: 17 y: 15
    01234567890123456
000 .................
001 .................
002 .................
003 .................
004 .................
005 .................
006 .................
007 .................
008 ..OO.............
009 .................
010 .................
011 .................
012 ..............X..
013 .................
014 .................
Piece 1 3: x: 3 y: 1
***
size x: 19, y: 17
0000: 0 988 989 990 991 991 991 990 989 988 987 986 985 984 983 982 981 980 0 
0001: 0 989 990 991 992 992 992 991 990 989 988 987 986 985 984 983 982 981 0 
0002: 0 990 991 992 993 993 993 992 991 990 989 988 987 986 985 984 983 982 0 
0003: 0 991 992 993 994 994 994 993 992 991 990 989 988 987 986 985 984 983 0 
0004: 0 992 993 994 995 995 995 994 993 992 991 990 989 988 987 986 985 984 0 
0005: 0 993 994 995 996 996 996 995 994 993 992 991 990 989 988 987 986 985 0 
0006: 0 994 995 996 997 997 997 996 995 994 993 992 991 990 989 988 987 986 0 
0007: 0 995 996 997 998 998 998 997 996 995 994 993 992 991 990 989 988 987 0 
0008: 0 996 997 998 999 999 999 998 997 996 995 994 993 992 991 990 989 988 0 
0009: 996 997 998 999 1000 1000 1000 999 998 997 996 995 994 993 992 991 990 989 0 
0010: 0 997 998 999 1000 1000 1000 999 998 997 996 995 994 993 992 991 990 989 0 
0011: 0 996 997 998 999 999 999 998 997 996 995 994 993 992 991 990 989 988 0 
0012: 0 995 996 997 998 998 998 997 996 995 994 993 992 991 990 989 988 987 0 
0013: 0 994 995 996 997 997 997 996 995 994 993 992 991 990 989 988 987 986 0 
0014: 0 993 994 995 996 996 996 995 994 993 992 991 990 989 988 987 986 985 0 
0015: 0 992 993 994 995 995 995 994 993 992 991 990 989 988 987 986 985 984 0 
0016: 0 0 0 0 0 0 0 0 0 0 0 0 0 0 0 0 0 0 0 
x 12 y 12 z 986
12 12
rect x 1 y 0 h 2 w 2
Plateau 15 17: x: 17 y: 15
    01234567890123456
000 .................
001 .................
002 .................
003 .................
004 .................
005 .................
006 .................
007 .................
008 ..OOOO...........
009 .................
010 .................
011 .................
012 ............XXX..
013 .................
014 .................
Piece 2 3: x: 3 y: 2
..*
.**
size x: 20, y: 17
0000: 0 987 988 989 990 991 991 991 991 991 990 989 988 987 986 985 984 983 982 0 
0001: 0 988 989 990 991 992 992 992 992 992 991 990 989 988 987 986 985 984 983 0 
0002: 0 989 990 991 992 993 993 993 993 993 992 991 990 989 988 987 986 985 984 0 
0003: 0 990 991 992 993 994 994 994 994 994 993 992 991 990 989 988 987 986 985 0 
0004: 0 991 992 993 994 995 995 995 995 995 994 993 992 991 990 989 988 987 986 0 
0005: 0 992 993 994 995 996 996 996 996 996 995 994 993 992 991 990 989 988 987 0 
0006: 0 993 994 995 996 997 997 997 997 997 996 995 994 993 992 991 990 989 988 0 
0007: 0 994 995 996 997 998 998 998 998 998 997 996 995 994 993 992 991 990 989 0 
0008: 0 995 996 997 998 999 999 999 999 999 998 997 996 995 994 993 992 991 990 0 
0009: 995 996 997 998 999 1000 1000 1000 1000 1000 999 998 997 996 995 994 993 992 991 0 
0010: 0 996 997 998 999 1000 1000 1000 1000 1000 999 998 997 996 995 994 993 992 991 0 
0011: 0 995 996 997 998 999 999 999 999 999 998 997 996 995 994 993 992 991 990 0 
0012: 0 994 995 996 997 998 998 998 998 998 997 996 995 994 993 992 991 990 989 0 
0013: 0 993 994 995 996 997 997 997 997 997 996 995 994 993 992 991 990 989 988 0 
0014: 0 992 993 994 995 996 996 996 996 996 995 994 993 992 991 990 989 988 987 0 
0015: 0 991 992 993 994 995 995 995 995 995 994 993 992 991 990 989 988 987 986 0 
0016: 0 0 0 0 0 0 0 0 0 0 0 0 0 0 0 0 0 0 0 0 
x 10 y 11 z 991
11 10
rect x 1 y 0 h 2 w 2
Plateau 15 17: x: 17 y: 15
    01234567890123456
000 .................
001 .................
002 .................
003 .................
004 .................
005 .................
006 .................
007 .....O...........
008 ..OOOO...........
009 .................
010 .................
011 ............X....
012 ...........XXXX..
013 .................
014 .................
Piece 2 3: x: 3 y: 2
.**
.**
size x: 20, y: 17
0000: 0 985 986 987 988 989 990 991 992 992 991 990 989 988 987 986 985 984 983 0 
0001: 0 986 987 988 989 990 991 992 993 993 992 991 990 989 988 987 986 985 984 0 
0002: 0 987 988 989 990 991 992 993 994 994 993 992 991 990 989 988 987 986 985 0 
0003: 0 988 989 990 991 992 993 994 995 995 994 993 992 991 990 989 988 987 986 0 
0004: 0 989 990 991 992 993 994 995 996 996 995 994 993 992 991 990 989 988 987 0 
0005: 0 990 991 992 993 994 995 996 997 997 996 995 994 993 992 991 990 989 988 0 
0006: 0 991 992 993 994 995 996 997 998 998 997 996 995 994 993 992 991 990 989 0 
0007: 0 992 993 994 995 996 997 998 999 999 998 997 996 995 994 993 992 991 990 0 
0008: 992 993 994 995 996 997 998 999 1000 1000 999 998 997 996 995 994 993 992 991 0 
0009: 995 996 997 998 999 1000 1000 1000 1000 1000 999 998 997 996 995 994 993 992 991 0 
0010: 0 996 997 998 999 1000 1000 1000 1000 1000 999 998 997 996 995 994 993 992 991 0 
0011: 0 995 996 997 998 999 999 999 999 999 998 997 996 995 994 993 992 991 990 0 
0012: 0 994 995 996 997 998 998 998 998 998 997 996 995 994 993 992 991 990 989 0 
0013: 0 993 994 995 996 997 997 997 997 997 996 995 994 993 992 991 990 989 988 0 
0014: 0 992 993 994 995 996 996 996 996 996 995 994 993 992 991 990 989 988 987 0 
0015: 0 991 992 993 994 995 995 995 995 995 994 993 992 991 990 989 988 987 986 0 
0016: 0 0 0 0 0 0 0 0 0 0 0 0 0 0 0 0 0 0 0 0 
x 10 y 10 z 992
10 10
rect x 0 y 0 h 2 w 1
Plateau 15 17: x: 17 y: 15
    01234567890123456
000 .................
001 .................
002 .................
003 .................
004 .................
005 .................
006 .................
007 .....O...........
008 ..OOOOOO.........
009 .................
010 ...........XX....
011 ...........XX....
012 ...........XXXX..
013 .................
014 .................
Piece 2 1: x: 1 y: 2
*
*
size x: 19, y: 17
0000: 0 986 987 988 989 990 991 992 992 991 990 989 988 987 986 985 984 983 0 
0001: 0 987 988 989 990 991 992 993 993 992 991 990 989 988 987 986 985 984 0 
0002: 0 988 989 990 991 992 993 994 994 993 992 991 990 989 988 987 986 985 0 
0003: 0 989 990 991 992 993 994 995 995 994 993 992 991 990 989 988 987 986 0 
0004: 0 990 991 992 993 994 995 996 996 995 994 993 992 991 990 989 988 987 0 
0005: 0 991 992 993 994 995 996 997 997 996 995 994 993 992 991 990 989 988 0 
0006: 0 992 993 994 995 996 997 998 998 997 996 995 994 993 992 991 990 989 0 
0007: 0 993 994 995 996 997 998 999 999 998 997 996 995 994 993 992 991 990 0 
0008: 993 994 995 996 997 998 999 1000 1000 999 998 997 996 995 994 993 992 991 0 
0009: 996 997 998 999 1000 1000 1000 1000 1000 1000 1000 999 998 997 996 995 994 993 0 
0010: 0 997 998 999 1000 1000 1000 1000 1000 1000 1000 999 998 997 996 995 994 993 0 
0011: 0 996 997 998 999 999 999 999 999 999 999 998 997 996 995 994 993 992 0 
0012: 0 995 996 997 998 998 998 998 998 998 998 997 996 995 994 993 992 991 0 
0013: 0 994 995 996 997 997 997 997 997 997 997 996 995 994 993 992 991 990 0 
0014: 0 993 994 995 996 996 996 996 996 996 996 995 994 993 992 991 990 989 0 
0015: 0 992 993 994 995 995 995 995 995 995 995 994 993 992 991 990 989 988 0 
0016: 0 0 0 0 0 0 0 0 0 0 0 0 0 0 0 0 0 0 0 
x 11 y 9 z 995
9 11
rect x 0 y 0 h 1 w 2
Plateau 15 17: x: 17 y: 15
    01234567890123456
000 .................
001 .................
002 .................
003 .................
004 .................
005 .................
006 .................
007 .....O.O.........
008 ..OOOOOO.........
009 ...........X.....
010 ...........XX....
011 ...........XX....
012 ...........XXXX..
013 .................
014 .................
Piece 2 2: x: 2 y: 2
**
..
size x: 19, y: 18
0000: 0 986 987 988 989 990 991 992 992 991 990 989 988 987 986 985 984 983 0 
0001: 0 987 988 989 990 991 992 993 993 992 991 990 989 988 987 986 985 984 0 
0002: 0 988 989 990 991 992 993 994 994 993 992 991 990 989 988 987 986 985 0 
0003: 0 989 990 991 992 993 994 995 995 994 993 992 991 990 989 988 987 986 0 
0004: 0 990 991 992 993 994 995 996 996 995 994 993 992 991 990 989 988 987 0 
0005: 0 991 992 993 994 995 996 997 997 996 995 994 993 992 991 990 989 988 0 
0006: 0 992 993 994 995 996 997 998 998 997 996 995 994 993 992 991 990 989 0 
0007: 0 993 994 995 996 997 998 999 999 998 997 996 995 994 993 992 991 990 0 
0008: 993 994 995 996 997 998 999 1000 1000 999 998 997 996 995 994 993 992 991 0 
0009: 996 997 998 999 1000 1000 1000 1000 1000 1000 1000 999 998 997 996 995 994 993 0 
0010: 0 997 998 999 1000 1000 1000 1000 1000 1000 1000 999 998 997 996 995 994 993 0 
0011: 0 996 997 998 999 999 999 999 999 999 999 998 997 996 995 994 993 992 0 
0012: 0 995 996 997 998 998 998 998 998 998 998 997 996 995 994 993 992 991 0 
0013: 0 994 995 996 997 997 997 997 997 997 997 996 995 994 993 992 991 990 0 
0014: 0 993 994 995 996 996 996 996 996 996 996 995 994 993 992 991 990 989 0 
0015: 0 992 993 994 995 995 995 995 995 995 995 994 993 992 991 990 989 988 0 
0016: 0 991 992 993 994 994 994 994 994 994 994 993 992 991 990 989 988 987 0 
0017: 0 0 0 0 0 0 0 0 0 0 0 0 0 0 0 0 0 0 0 
x 10 y 9 z 996
9 10
rect x 1 y 0 h 1 w 2
Plateau 15 17: x: 17 y: 15
    01234567890123456
000 .................
001 .................
002 .................
003 .................
004 .................
005 .................
006 .................
007 .....O.O.........
008 ..OOOOOOO........
009 ........O.XX.....
010 ...........XX....
011 ...........XX....
012 ...........XXXX..
013 .................
014 .................
Piece 1 3: x: 3 y: 1
.**
size x: 20, y: 17
0000: 0 985 986 987 988 989 990 991 992 992 991 990 989 988 987 986 985 984 983 0 
0001: 0 986 987 988 989 990 991 992 993 993 992 991 990 989 988 987 986 985 984 0 
0002: 0 987 988 989 990 991 992 993 994 994 993 992 991 990 989 988 987 986 985 0 
0003: 0 988 989 990 991 992 993 994 995 995 994 993 992 991 990 989 988 987 986 0 
0004: 0 989 990 991 992 993 994 995 996 996 995 994 993 992 991 990 989 988 987 0 
0005: 0 990 991 992 993 994 995 996 997 997 996 995 994 993 992 991 990 989 988 0 
0006: 0 991 992 993 994 995 996 997 998 998 997 996 995 994 993 992 991 990 989 0 
0007: 0 992 993 994 995 996 997 998 999 999 998 997 996 995 994 993 992 991 990 0 
0008: 992 993 994 995 996 997 998 999 1000 1000 999 998 997 996 995 994 993 992 991 0 
0009: 995 996 997 998 999 1000 1000 1000 1000 1000 1000 1000 1000 999 998 997 996 995 994 0 
0010: 989 990 991 992 993 994 995 996 997 998 999 1000 1000 999 998 997 996 995 994 0 
0011: 0 990 991 992 993 994 995 996 997 998 999 1000 1000 999 998 997 996 995 994 0 
0012: 0 989 990 991 992 993 994 995 996 997 998 999 999 998 997 996 995 994 993 0 
0013: 0 988 989 990 991 992 993 994 995 996 997 998 998 997 996 995 994 993 992 0 
0014: 0 987 988 989 990 991 992 993 994 995 996 997 997 996 995 994 993 992 991 0 
0015: 0 986 987 988 989 990 991 992 993 994 995 996 996 995 994 993 992 991 990 0 
0016: 0 0 0 0 0 0 0 0 0 0 0 0 0 0 0 0 0 0 0 0 
x 10 y 9 z 1000
9 10
rect x 0 y 0 h 2 w 1
Plateau 15 17: x: 17 y: 15
    01234567890123456
000 .................
001 .................
002 .................
003 .................
004 .................
005 .................
006 .................
007 .....O.OOO.......
008 ..OOOOOOOO.......
009 ........O.XXX....
010 ...........XX....
011 ...........XX....
012 ...........XXXX..
013 .................
014 .................
Piece 2 1: x: 1 y: 2
*
*
size x: 19, y: 17
0000: 0 986 987 988 989 990 991 992 992 991 990 989 988 987 986 985 984 983 0 
0001: 0 987 988 989 990 991 992 993 993 992 991 990 989 988 987 986 985 984 0 
0002: 0 988 989 990 991 992 993 994 994 993 992 991 990 989 988 987 986 985 0 
0003: 0 989 990 991 992 993 994 995 995 994 993 992 991 990 989 988 987 986 0 
0004: 0 990 991 992 993 994 995 996 996 995 994 993 992 991 990 989 988 987 0 
0005: 0 991 992 993 994 995 996 997 997 996 995 994 993 992 991 990 989 988 0 
0006: 0 992 993 994 995 996 997 998 998 997 996 995 994 993 992 991 990 989 0 
0007: 0 993 994 995 996 997 998 999 999 998 997 996 995 994 993 992 991 990 0 
0008: 993 994 995 996 997 998 999 1000 1000 999 998 997 996 995 994 993 992 991 0 
0009: 996 997 998 999 1000 1000 1000 1000 1000 1000 1000 1000 1000 999 998 997 996 995 0 
0010: 990 991 992 993 994 995 996 997 998 999 1000 1000 999 998 997 996 995 994 0 
0011: 0 991 992 993 994 995 996 997 998 999 1000 1000 999 998 997 996 995 994 0 
0012: 0 990 991 992 993 994 995 996 997 998 999 999 998 997 996 995 994 993 0 
0013: 0 989 990 991 992 993 994 995 996 997 998 998 997 996 995 994 993 992 0 
0014: 0 988 989 990 991 992 993 994 995 996 997 997 996 995 994 993 992 991 0 
0015: 0 987 988 989 990 991 992 993 994 995 996 996 995 994 993 992 991 990 0 
0016: 0 0 0 0 0 0 0 0 0 0 0 0 0 0 0 0 0 0 0 
x 10 y 8 z 999
8 10
rect x 0 y 0 h 2 w 2
Plateau 15 17: x: 17 y: 15
    01234567890123456
000 .................
001 .................
002 .................
003 .................
004 .................
005 .................
006 .................
007 .....O.OOO.......
008 ..OOOOOOOOX......
009 ........OOXXX....
010 ...........XX....
011 ...........XX....
012 ...........XXXX..
013 .................
014 .................
Piece 2 2: x: 2 y: 2
**
.*
size x: 19, y: 17
0000: 0 986 987 988 989 990 991 992 992 991 990 989 988 987 986 985 984 983 0 
0001: 0 987 988 989 990 991 992 993 993 992 991 990 989 988 987 986 985 984 0 
0002: 0 988 989 990 991 992 993 994 994 993 992 991 990 989 988 987 986 985 0 
0003: 0 989 990 991 992 993 994 995 995 994 993 992 991 990 989 988 987 986 0 
0004: 0 990 991 992 993 994 995 996 996 995 994 993 992 991 990 989 988 987 0 
0005: 0 991 992 993 994 995 996 997 997 996 995 994 993 992 991 990 989 988 0 
0006: 0 992 993 994 995 996 997 998 998 997 996 995 994 993 992 991 990 989 0 
0007: 0 993 994 995 996 997 998 999 999 998 997 996 995 994 993 992 991 990 0 
0008: 993 994 995 996 997 998 999 1000 1000 999 998 997 996 995 994 993 992 991 0 
0009: 996 997 998 999 1000 1000 1000 1000 1000 1000 1000 1000 1000 999 998 997 996 995 0 
0010: 990 991 992 993 994 995 996 997 998 999 1000 1000 1000 999 998 997 996 995 0 
0011: 0 991 992 993 994 995 996 997 998 999 1000 1000 1000 999 998 997 996 995 0 
0012: 0 990 991 992 993 994 995 996 997 998 999 999 999 998 997 996 995 994 0 
0013: 0 989 990 991 992 993 994 995 996 997 998 998 998 997 996 995 994 993 0 
0014: 0 988 989 990 991 992 993 994 995 996 997 997 997 996 995 994 993 992 0 
0015: 0 987 988 989 990 991 992 993 994 995 996 996 996 995 994 993 992 991 0 
0016: 0 0 0 0 0 0 0 0 0 0 0 0 0 0 0 0 0 0 0 
x 11 y 8 z 998
8 11
rect x 1 y 0 h 1 w 2
Plateau 15 17: x: 17 y: 15
    01234567890123456
000 .................
001 .................
002 .................
003 .................
004 .................
005 .................
006 .........O.......
007 .....O.OOOO......
008 ..OOOOOOOOXXX....
009 ........OOXXX....
010 ...........XX....
011 ...........XX....
012 ...........XXXX..
013 .................
014 .................
Piece 1 3: x: 3 y: 1
.**
size x: 20, y: 17
0000: 0 982 983 984 985 986 987 988 989 990 991 992 993 993 992 991 990 989 988 0 
0001: 0 983 984 985 986 987 988 989 990 991 992 993 994 994 993 992 991 990 989 0 
0002: 0 984 985 986 987 988 989 990 991 992 993 994 995 995 994 993 992 991 990 0 
0003: 0 985 986 987 988 989 990 991 992 993 994 995 996 996 995 994 993 992 991 0 
0004: 0 986 987 988 989 990 991 992 993 994 995 996 997 997 996 995 994 993 992 0 
0005: 0 987 988 989 990 991 992 993 994 995 996 997 998 998 997 996 995 994 993 0 
0006: 0 988 989 990 991 992 993 994 995 996 997 998 999 999 998 997 996 995 994 0 
0007: 988 989 990 991 992 993 994 995 996 997 998 999 1000 1000 999 998 997 996 995 0 
0008: 992 993 994 995 996 997 998 999 1000 1000 999 998 997 996 995 994 993 992 991 0 
0009: 995 996 997 998 999 1000 1000 1000 1000 1000 1000 1000 1000 1000 999 998 997 996 995 0 
0010: 989 990 991 992 993 994 995 996 997 998 999 1000 1000 1000 999 998 997 996 995 0 
0011: 0 990 991 992 993 994 995 996 997 998 999 1000 1000 1000 999 998 997 996 995 0 
0012: 0 989 990 991 992 993 994 995 996 997 998 999 999 999 998 997 996 995 994 0 
0013: 0 988 989 990 991 992 993 994 995 996 997 998 998 998 997 996 995 994 993 0 
0014: 0 987 988 989 990 991 992 993 994 995 996 997 997 997 996 995 994 993 992 0 
0015: 0 986 987 988 989 990 991 992 993 994 995 996 996 996 995 994 993 992 991 0 
0016: 0 0 0 0 0 0 0 0 0 0 0 0 0 0 0 0 0 0 0 0 
x 9 y 10 z 999
10 9
rect x 1 y 0 h 1 w 2
Plateau 15 17: x: 17 y: 15
    01234567890123456
000 .................
001 .................
002 .................
003 .................
004 .................
005 .................
006 .........O.......
007 .....O.OOOO......
008 ..OOOOOOOOXXX....
009 .......OOOXXX....
010 ..........XXX....
011 ...........XX....
012 ...........XXXX..
013 .................
014 .................
Piece 1 3: x: 3 y: 1
.**
size x: 20, y: 17
0000: 0 982 983 984 985 986 987 988 989 990 991 992 993 993 992 991 990 989 988 0 
0001: 0 983 984 985 986 987 988 989 990 991 992 993 994 994 993 992 991 990 989 0 
0002: 0 984 985 986 987 988 989 990 991 992 993 994 995 995 994 993 992 991 990 0 
0003: 0 985 986 987 988 989 990 991 992 993 994 995 996 996 995 994 993 992 991 0 
0004: 0 986 987 988 989 990 991 992 993 994 995 996 997 997 996 995 994 993 992 0 
0005: 0 987 988 989 990 991 992 993 994 995 996 997 998 998 997 996 995 994 993 0 
0006: 0 988 989 990 991 992 993 994 995 996 997 998 999 999 998 997 996 995 994 0 
0007: 988 989 990 991 992 993 994 995 996 997 998 999 1000 1000 999 998 997 996 995 0 
0008: 992 993 994 995 996 997 998 999 1000 1000 999 998 997 996 995 994 993 992 991 0 
0009: 995 996 997 998 999 1000 1000 1000 1000 1000 1000 1000 1000 1000 999 998 997 996 995 0 
0010: 990 991 992 993 994 995 996 997 998 999 1000 1000 1000 1000 999 998 997 996 995 0 
0011: 0 991 992 993 994 995 996 997 998 999 1000 1000 1000 1000 999 998 997 996 995 0 
0012: 0 990 991 992 993 994 995 996 997 998 999 999 999 999 998 997 996 995 994 0 
0013: 0 989 990 991 992 993 994 995 996 997 998 998 998 998 997 996 995 994 993 0 
0014: 0 988 989 990 991 992 993 994 995 996 997 997 997 997 996 995 994 993 992 0 
0015: 0 987 988 989 990 991 992 993 994 995 996 996 996 996 995 994 993 992 991 0 
0016: 0 0 0 0 0 0 0 0 0 0 0 0 0 0 0 0 0 0 0 0 
x 8 y 10 z 999
10 8
rect x 2 y 0 h 2 w 1
Plateau 15 17: x: 17 y: 15
    01234567890123456
000 .................
001 .................
002 .................
003 .................
004 .................
005 .................
006 .........O.......
007 .....O.OOOOO.....
008 ..OOOOOOOOXXX....
009 .......OOOXXX....
010 .........XXXX....
011 ...........XX....
012 ...........XXXX..
013 .................
014 .................
Piece 2 3: x: 3 y: 2
..*
..*
size x: 21, y: 17
0000: 0 981 982 983 984 985 986 987 988 989 990 991 992 993 993 992 991 990 989 988 0 
0001: 0 982 983 984 985 986 987 988 989 990 991 992 993 994 994 993 992 991 990 989 0 
0002: 0 983 984 985 986 987 988 989 990 991 992 993 994 995 995 994 993 992 991 990 0 
0003: 0 984 985 986 987 988 989 990 991 992 993 994 995 996 996 995 994 993 992 991 0 
0004: 0 985 986 987 988 989 990 991 992 993 994 995 996 997 997 996 995 994 993 992 0 
0005: 0 986 987 988 989 990 991 992 993 994 995 996 997 998 998 997 996 995 994 993 0 
0006: 0 987 988 989 990 991 992 993 994 995 996 997 998 999 999 998 997 996 995 994 0 
0007: 987 988 989 990 991 992 993 994 995 996 997 998 999 1000 1000 999 998 997 996 995 0 
0008: 991 992 993 994 995 996 997 998 999 1000 1000 999 998 997 996 995 994 993 992 991 0 
0009: 994 995 996 997 998 999 1000 1000 1000 1000 1000 1000 1000 1000 1000 999 998 997 996 995 0 
0010: 989 990 991 992 993 994 995 996 997 998 999 1000 1000 1000 1000 999 998 997 996 995 0 
0011: 0 990 991 992 993 994 995 996 997 998 999 1000 1000 1000 1000 999 998 997 996 995 0 
0012: 0 989 990 991 992 993 994 995 996 997 998 999 999 999 999 998 997 996 995 994 0 
0013: 0 988 989 990 991 992 993 994 995 996 997 998 998 998 998 997 996 995 994 993 0 
0014: 0 987 988 989 990 991 992 993 994 995 996 997 997 997 997 996 995 994 993 992 0 
0015: 0 986 987 988 989 990 991 992 993 994 995 996 996 996 996 995 994 993 992 991 0 
0016: 0 0 0 0 0 0 0 0 0 0 0 0 0 0 0 0 0 0 0 0 0 
x 8 y 10 z 1000
10 8
rect x 0 y 0 h 1 w 3
Plateau 15 17: x: 17 y: 15
    01234567890123456
000 .................
001 .................
002 .................
003 .................
004 .................
005 .................
006 .........O.......
007 .....O.OOOOO.....
008 ..OOOOOOOOXXX....
009 ......OOOOXXX....
010 .........XXXX....
011 ..........XXX....
012 ...........XXXX..
013 .................
014 .................
Piece 1 3: x: 3 y: 1
***
size x: 19, y: 17
0000: 0 983 984 985 986 987 988 989 990 991 992 993 993 992 991 990 989 988 0 
0001: 0 984 985 986 987 988 989 990 991 992 993 994 994 993 992 991 990 989 0 
0002: 0 985 986 987 988 989 990 991 992 993 994 995 995 994 993 992 991 990 0 
0003: 0 986 987 988 989 990 991 992 993 994 995 996 996 995 994 993 992 991 0 
0004: 0 987 988 989 990 991 992 993 994 995 996 997 997 996 995 994 993 992 0 
0005: 0 988 989 990 991 992 993 994 995 996 997 998 998 997 996 995 994 993 0 
0006: 0 989 990 991 992 993 994 995 996 997 998 999 999 998 997 996 995 994 0 
0007: 989 990 991 992 993 994 995 996 997 998 999 1000 1000 999 998 997 996 995 0 
0008: 993 994 995 996 997 998 999 1000 1000 999 998 997 996 995 994 993 992 991 0 
0009: 996 997 998 999 1000 1000 1000 1000 1000 1000 1000 1000 1000 999 998 997 996 995 0 
0010: 992 993 994 995 996 997 998 999 1000 1000 1000 1000 1000 999 998 997 996 995 0 
0011: 0 993 994 995 996 997 998 999 1000 1000 1000 1000 1000 999 998 997 996 995 0 
0012: 0 992 993 994 995 996 997 998 999 999 999 999 999 998 997 996 995 994 0 
0013: 0 991 992 993 994 995 996 997 998 998 998 998 998 997 996 995 994 993 0 
0014: 0 990 991 992 993 994 995 996 997 997 997 997 997 996 995 994 993 992 0 
0015: 0 989 990 991 992 993 994 995 996 996 996 996 996 995 994 993 992 991 0 
0016: 0 0 0 0 0 0 0 0 0 0 0 0 0 0 0 0 0 0 0 
x 12 y 8 z 999
8 12
rect x 0 y 0 h 2 w 1
Plateau 15 17: x: 17 y: 15
    01234567890123456
000 .................
001 .................
002 .................
003 .................
004 .................
005 .................
006 .........OOOO....
007 .....O.OOOOOO....
008 ..OOOOOOOOXXXXX..
009 ......OOOOXXX....
010 .........XXXX....
011 ..........XXX....
012 ...........XXXX..
013 .................
014 .................
Piece 2 3: x: 3 y: 2
*..
*..
size x: 21, y: 17
0000: 0 983 984 985 986 987 988 989 990 991 992 993 993 993 993 993 992 991 990 989 0 
0001: 0 984 985 986 987 988 989 990 991 992 993 994 994 994 994 994 993 992 991 990 0 
0002: 0 985 986 987 988 989 990 991 992 993 994 995 995 995 995 995 994 993 992 991 0 
0003: 0 986 987 988 989 990 991 992 993 994 995 996 996 996 996 996 995 994 993 992 0 
0004: 0 987 988 989 990 991 992 993 994 995 996 997 997 997 997 997 996 995 994 993 0 
0005: 0 988 989 990 991 992 993 994 995 996 997 998 998 998 998 998 997 996 995 994 0 
0006: 0 989 990 991 992 993 994 995 996 997 998 999 999 999 999 999 998 997 996 995 0 
0007: 989 990 991 992 993 994 995 996 997 998 999 1000 1000 1000 1000 1000 999 998 997 996 0 
0008: 993 994 995 996 997 998 999 1000 1000 999 998 997 996 995 994 993 992 991 990 989 0 
0009: 996 997 998 999 1000 1000 1000 1000 1000 1000 1000 1000 1000 999 998 997 996 995 994 993 0 
0010: 992 993 994 995 996 997 998 999 1000 1000 1000 1000 1000 999 998 997 996 995 994 993 0 
0011: 0 993 994 995 996 997 998 999 1000 1000 1000 1000 1000 999 998 997 996 995 994 993 0 
0012: 0 992 993 994 995 996 997 998 999 999 999 999 999 998 997 996 995 994 993 992 0 
0013: 0 991 992 993 994 995 996 997 998 998 998 998 998 997 996 995 994 993 992 991 0 
0014: 0 990 991 992 993 994 995 996 997 997 997 997 997 996 995 994 993 992 991 990 0 
0015: 0 989 990 991 992 993 994 995 996 996 996 996 996 995 994 993 992 991 990 989 0 
0016: 0 0 0 0 0 0 0 0 0 0 0 0 0 0 0 0 0 0 0 0 0 
x 13 y 7 z 998
7 13
rect x 0 y 0 h 2 w 1
Plateau 15 17: x: 17 y: 15
    01234567890123456
000 .................
001 .................
002 .................
003 .................
004 .................
005 .................
006 .........OOOO....
007 .....O.OOOOOOX...
008 ..OOOOOOOOXXXXX..
009 ......OOOOXXX....
010 ........OXXXX....
011 ..........XXX....
012 ...........XXXX..
013 .................
014 .................
Piece 2 2: x: 2 y: 2
*.
*.
size x: 20, y: 17
0000: 0 983 984 985 986 987 988 989 990 991 992 993 993 993 993 993 992 991 990 0 
0001: 0 984 985 986 987 988 989 990 991 992 993 994 994 994 994 994 993 992 991 0 
0002: 0 985 986 987 988 989 990 991 992 993 994 995 995 995 995 995 994 993 992 0 
0003: 0 986 987 988 989 990 991 992 993 994 995 996 996 996 996 996 995 994 993 0 
0004: 0 987 988 989 990 991 992 993 994 995 996 997 997 997 997 997 996 995 994 0 
0005: 0 988 989 990 991 992 993 994 995 996 997 998 998 998 998 998 997 996 995 0 
0006: 0 989 990 991 992 993 994 995 996 997 998 999 999 999 999 999 998 997 996 0 
0007: 989 990 991 992 993 994 995 996 997 998 999 1000 1000 1000 1000 1000 999 998 997 0 
0008: 993 994 995 996 997 998 999 1000 1000 999 998 997 996 995 994 993 992 991 990 0 
0009: 996 997 998 999 1000 1000 1000 1000 1000 1000 1000 1000 1000 999 998 997 996 995 994 0 
0010: 992 993 994 995 996 997 998 999 1000 1000 1000 1000 1000 999 998 997 996 995 994 0 
0011: 990 991 992 993 994 995 996 997 998 999 1000 1000 999 998 997 996 995 994 993 0 
0012: 0 991 992 993 994 995 996 997 998 999 1000 1000 999 998 997 996 995 994 993 0 
0013: 0 990 991 992 993 994 995 996 997 998 999 999 998 997 996 995 994 993 992 0 
0014: 0 989 990 991 992 993 994 995 996 997 998 998 997 996 995 994 993 992 991 0 
0015: 0 988 989 990 991 992 993 994 995 996 997 997 996 995 994 993 992 991 990 0 
0016: 0 0 0 0 0 0 0 0 0 0 0 0 0 0 0 0 0 0 0 0 
x 9 y 10 z 999
10 9
rect x 0 y 0 h 1 w 3
Plateau 15 17: x: 17 y: 15
    01234567890123456
000 .................
001 .................
002 .................
003 .................
004 .................
005 ............O.O..
006 .........OOOOOO..
007 .....O.OOOOOOX...
008 ..OOOOOOOOXXXXX..
009 ......OOOOXXX....
010 ........OXXXX....
011 .........XXXX....
012 ...........XXXX..
013 .................
014 .................
Piece 1 3: x: 3 y: 1
***
size x: 19, y: 17
0000: 0 981 982 983 984 985 986 987 988 989 990 991 992 993 994 994 993 992 0 
0001: 0 982 983 984 985 986 987 988 989 990 991 992 993 994 995 995 994 993 0 
0002: 0 983 984 985 986 987 988 989 990 991 992 993 994 995 996 996 995 994 0 
0003: 0 984 985 986 987 988 989 990 991 992 993 994 995 996 997 997 996 995 0 
0004: 0 985 986 987 988 989 990 991 992 993 994 995 996 997 998 998 997 996 0 
0005: 0 986 987 988 989 990 991 992 993 994 995 996 997 998 999 999 998 997 0 
0006: 986 987 988 989 990 991 992 993 994 995 996 997 998 999 1000 1000 999 998 0 
0007: 989 990 991 992 993 994 995 996 997 998 999 1000 1000 1000 1000 1000 1000 1000 0 
0008: 993 994 995 996 997 998 999 1000 1000 999 998 997 996 995 994 993 992 991 0 
0009: 996 997 998 999 1000 1000 1000 1000 1000 1000 1000 1000 1000 999 998 997 996 995 0 
0010: 992 993 994 995 996 997 998 999 1000 1000 1000 1000 1000 999 998 997 996 995 0 
0011: 990 991 992 993 994 995 996 997 998 999 1000 1000 999 998 997 996 995 994 0 
0012: 0 991 992 993 994 995 996 997 998 999 1000 1000 999 998 997 996 995 994 0 
0013: 0 990 991 992 993 994 995 996 997 998 999 999 998 997 996 995 994 993 0 
0014: 0 989 990 991 992 993 994 995 996 997 998 998 997 996 995 994 993 992 0 
0015: 0 988 989 990 991 992 993 994 995 996 997 997 996 995 994 993 992 991 0 
0016: 0 0 0 0 0 0 0 0 0 0 0 0 0 0 0 0 0 0 0 
x 13 y 7 z 998
7 13
rect x 0 y 0 h 2 w 1
Plateau 15 17: x: 17 y: 15
    01234567890123456
000 .................
001 .................
002 .................
003 .................
004 .................
005 ............O.O..
006 .........OOOOOO..
007 .....O.OOOOOOXXX.
008 ..OOOOOOOOXXXXX..
009 ......OOOOXXX....
010 .......OOXXXX....
011 .......OOXXXX....
012 ...........XXXX..
013 .................
014 .................
Piece 2 1: x: 1 y: 2
*
*
size x: 19, y: 17
0000: 0 981 982 983 984 985 986 987 988 989 990 991 992 993 994 994 993 992 0 
0001: 0 982 983 984 985 986 987 988 989 990 991 992 993 994 995 995 994 993 0 
0002: 0 983 984 985 986 987 988 989 990 991 992 993 994 995 996 996 995 994 0 
0003: 0 984 985 986 987 988 989 990 991 992 993 994 995 996 997 997 996 995 0 
0004: 0 985 986 987 988 989 990 991 992 993 994 995 996 997 998 998 997 996 0 
0005: 0 986 987 988 989 990 991 992 993 994 995 996 997 998 999 999 998 997 0 
0006: 986 987 988 989 990 991 992 993 994 995 996 997 998 999 1000 1000 999 998 0 
0007: 989 990 991 992 993 994 995 996 997 998 999 1000 1000 1000 1000 1000 1000 1000 0 
0008: 993 994 995 996 997 998 999 1000 1000 999 998 997 996 995 994 993 992 991 0 
0009: 996 997 998 999 1000 1000 1000 1000 1000 1000 1000 1000 1000 999 998 997 996 995 0 
0010: 992 993 994 995 996 997 998 999 1000 1000 1000 1000 1000 999 998 997 996 995 0 
0011: 991 992 993 994 995 996 997 998 999 1000 1000 1000 999 998 997 996 995 994 0 
0012: 991 992 993 994 995 996 997 998 999 1000 1000 1000 999 998 997 996 995 994 0 
0013: 0 992 993 994 995 996 997 998 999 1000 1000 1000 999 998 997 996 995 994 0 
0014: 0 991 992 993 994 995 996 997 998 999 999 999 998 997 996 995 994 993 0 
0015: 0 990 991 992 993 994 995 996 997 998 998 998 997 996 995 994 993 992 0 
0016: 0 0 0 0 0 0 0 0 0 0 0 0 0 0 0 0 0 0 0 
x 9 y 11 z 999
11 9
rect x 0 y 1 h 1 w 2
Plateau 15 17: x: 17 y: 15
    01234567890123456
000 .................
001 .................
002 .................
003 .................
004 ..............O..
005 ............O.O..
006 .........OOOOOO..
007 .....O.OOOOOOXXX.
008 ..OOOOOOOOXXXXX..
009 ......OOOOXXX....
010 .......OOXXXX....
011 .......OOXXXX....
012 .........X.XXXX..
013 .................
014 .................
Piece 2 2: x: 2 y: 2
..
**
size x: 19, y: 18
0000: 0 979 980 981 982 983 984 985 986 987 988 989 990 991 992 993 994 994 0 
0001: 0 980 981 982 983 984 985 986 987 988 989 990 991 992 993 994 995 995 0 
0002: 0 981 982 983 984 985 986 987 988 989 990 991 992 993 994 995 996 996 0 
0003: 0 982 983 984 985 986 987 988 989 990 991 992 993 994 995 996 997 997 0 
0004: 0 983 984 985 986 987 988 989 990 991 992 993 994 995 996 997 998 998 0 
0005: 0 984 985 986 987 988 989 990 991 992 993 994 995 996 997 998 999 999 0 
0006: 984 985 986 987 988 989 990 991 992 993 994 995 996 997 998 999 1000 1000 0 
0007: 986 987 988 989 990 991 992 993 994 995 996 997 998 999 1000 1000 999 998 0 
0008: 989 990 991 992 993 994 995 996 997 998 999 1000 1000 1000 1000 1000 1000 1000 0 
0009: 993 994 995 996 997 998 999 1000 1000 999 998 997 996 995 994 993 992 991 0 
0010: 996 997 998 999 1000 1000 1000 1000 1000 1000 1000 1000 1000 999 998 997 996 995 0 
0011: 992 993 994 995 996 997 998 999 1000 1000 1000 1000 1000 999 998 997 996 995 0 
0012: 991 992 993 994 995 996 997 998 999 1000 1000 1000 999 998 997 996 995 994 0 
0013: 991 992 993 994 995 996 997 998 999 1000 1000 1000 999 998 997 996 995 994 0 
0014: 0 992 993 994 995 996 997 998 999 1000 1000 1000 999 998 997 996 995 994 0 
0015: 0 991 992 993 994 995 996 997 998 999 999 999 998 997 996 995 994 993 0 
0016: 0 990 991 992 993 994 995 996 997 998 998 998 997 996 995 994 993 992 0 
0017: 0 0 0 0 0 0 0 0 0 0 0 0 0 0 0 0 0 0 0 
x 15 y 6 z 1000
6 15
rect x 0 y 0 h 1 w 2
Plateau 15 17: x: 17 y: 15
    01234567890123456
000 .................
001 .................
002 .................
003 .................
004 ..............O..
005 ............O.O..
006 .........OOOOOO..
007 .....O.OOOOOOXXXX
008 ..OOOOOOOOXXXXX..
009 ......OOOOXXX....
010 .......OOXXXX....
011 ......OOOXXXX....
012 ......OO.X.XXXX..
013 .................
014 .................
Piece 1 2: x: 2 y: 1
**
size x: 19, y: 17
0000: 0 980 981 982 983 984 985 986 987 988 989 990 991 992 993 994 995 995 0 
0001: 0 981 982 983 984 985 986 987 988 989 990 991 992 993 994 995 996 996 0 
0002: 0 982 983 984 985 986 987 988 989 990 991 992 993 994 995 996 997 997 0 
0003: 0 983 984 985 986 987 988 989 990 991 992 993 994 995 996 997 998 998 0 
0004: 0 984 985 986 987 988 989 990 991 992 993 994 995 996 997 998 999 999 0 
0005: 984 985 986 987 988 989 990 991 992 993 994 995 996 997 998 999 1000 1000 0 
0006: 986 987 988 989 990 991 992 993 994 995 996 997 998 999 1000 1000 999 998 0 
0007: 989 990 991 992 993 994 995 996 997 998 999 1000 1000 1000 1000 1000 1000 1000 0 
0008: 993 994 995 996 997 998 999 1000 1000 999 998 997 996 995 994 993 992 991 0 
0009: 996 997 998 999 1000 1000 1000 1000 1000 1000 1000 1000 1000 999 998 997 996 995 0 
0010: 992 993 994 995 996 997 998 999 1000 1000 1000 1000 1000 999 998 997 996 995 0 
0011: 991 992 993 994 995 996 997 998 999 1000 1000 1000 999 998 997 996 995 994 0 
0012: 992 993 994 995 996 997 998 999 1000 1000 1000 1000 999 998 997 996 995 994 0 
0013: 992 993 994 995 996 997 998 999 1000 1000 1000 999 998 997 996 995 994 993 0 
0014: 0 993 994 995 996 997 998 999 1000 1000 1000 999 998 997 996 995 994 993 0 
0015: 0 992 993 994 995 996 997 998 999 999 999 998 997 996 995 994 993 992 0 
0016: 0 0 0 0 0 0 0 0 0 0 0 0 0 0 0 0 0 0 0 
x 8 y 12 z 999
12 8
rect x 0 y 0 h 1 w 2
Plateau 15 17: x: 17 y: 15
    01234567890123456
000 .................
001 .................
002 .................
003 .................
004 ..............OO.
005 ............O.O..
006 .........OOOOOO..
007 .....O.OOOOOOXXXX
008 ..OOOOOOOOXXXXX..
009 ......OOOOXXX....
010 .......OOXXXX....
011 ......OOOXXXX....
012 ......OOXX.XXXX..
013 .................
014 .................
Piece 3 5: x: 5 y: 3
**...
.....
.....
size x: 22, y: 19
0000: 0 980 981 982 983 984 985 986 987 988 989 990 991 992 993 994 995 995 995 994 993 0 
0001: 0 981 982 983 984 985 986 987 988 989 990 991 992 993 994 995 996 996 996 995 994 0 
0002: 0 982 983 984 985 986 987 988 989 990 991 992 993 994 995 996 997 997 997 996 995 0 
0003: 0 983 984 985 986 987 988 989 990 991 992 993 994 995 996 997 998 998 998 997 996 0 
0004: 0 984 985 986 987 988 989 990 991 992 993 994 995 996 997 998 999 999 999 998 997 0 
0005: 984 985 986 987 988 989 990 991 992 993 994 995 996 997 998 999 1000 1000 1000 999 998 0 
0006: 986 987 988 989 990 991 992 993 994 995 996 997 998 999 1000 1000 999 998 997 996 995 0 
0007: 989 990 991 992 993 994 995 996 997 998 999 1000 1000 1000 1000 1000 1000 1000 999 998 997 0 
0008: 993 994 995 996 997 998 999 1000 1000 999 998 997 996 995 994 993 992 991 990 989 988 0 
0009: 996 997 998 999 1000 1000 1000 1000 1000 1000 1000 1000 1000 999 998 997 996 995 994 993 992 0 
0010: 992 993 994 995 996 997 998 999 1000 1000 1000 1000 1000 999 998 997 996 995 994 993 992 0 
0011: 991 992 993 994 995 996 997 998 999 1000 1000 1000 999 998 997 996 995 994 993 992 991 0 
0012: 992 993 994 995 996 997 998 999 1000 1000 1000 1000 999 998 997 996 995 994 993 992 991 0 
0013: 992 993 994 995 996 997 998 999 1000 1000 1000 999 998 997 996 995 994 993 992 991 990 0 
0014: 0 993 994 995 996 997 998 999 1000 1000 1000 999 998 997 996 995 994 993 992 991 990 0 
0015: 0 992 993 994 995 996 997 998 999 999 999 998 997 996 995 994 993 992 991 990 989 0 
0016: 0 991 992 993 994 995 996 997 998 998 998 997 996 995 994 993 992 991 990 989 988 0 
0017: 0 990 991 992 993 994 995 996 997 997 997 996 995 994 993 992 991 990 989 988 987 0 
0018: 0 0 0 0 0 0 0 0 0 0 0 0 0 0 0 0 0 0 0 0 0 0 
x 9 y 12 z 998
12 9
rect x 0 y 0 h 1 w 2
Plateau 15 17: x: 17 y: 15
    01234567890123456
000 .................
001 .................
002 .................
003 .................
004 ..............OO.
005 ............O.O..
006 .........OOOOOO..
007 .....O.OOOOOOXXXX
008 ..OOOOOOOOXXXXX..
009 ......OOOOXXX....
010 .......OOXXXX....
011 ......OOOXXXX....
012 ......OOXXXXXXX..
013 .......O.........
014 .................
Piece 1 2: x: 2 y: 1
**
size x: 19, y: 17
0000: 0 980 981 982 983 984 985 986 987 988 989 990 991 992 993 994 995 995 0 
0001: 0 981 982 983 984 985 986 987 988 989 990 991 992 993 994 995 996 996 0 
0002: 0 982 983 984 985 986 987 988 989 990 991 992 993 994 995 996 997 997 0 
0003: 0 983 984 985 986 987 988 989 990 991 992 993 994 995 996 997 998 998 0 
0004: 0 984 985 986 987 988 989 990 991 992 993 994 995 996 997 998 999 999 0 
0005: 984 985 986 987 988 989 990 991 992 993 994 995 996 997 998 999 1000 1000 0 
0006: 986 987 988 989 990 991 992 993 994 995 996 997 998 999 1000 1000 999 998 0 
0007: 989 990 991 992 993 994 995 996 997 998 999 1000 1000 1000 1000 1000 1000 1000 0 
0008: 993 994 995 996 997 998 999 1000 1000 999 998 997 996 995 994 993 992 991 0 
0009: 996 997 998 999 1000 1000 1000 1000 1000 1000 1000 1000 1000 999 998 997 996 995 0 
0010: 992 993 994 995 996 997 998 999 1000 1000 1000 1000 1000 999 998 997 996 995 0 
0011: 991 992 993 994 995 996 997 998 999 1000 1000 1000 999 998 997 996 995 994 0 
0012: 992 993 994 995 996 997 998 999 1000 1000 1000 1000 999 998 997 996 995 994 0 
0013: 992 993 994 995 996 997 998 999 1000 1000 1000 999 998 997 996 995 994 993 0 
0014: 991 992 993 994 995 996 997 998 999 1000 1000 999 998 997 996 995 994 993 0 
0015: 0 992 993 994 995 996 997 998 999 1000 1000 999 998 997 996 995 994 993 0 
0016: 0 0 0 0 0 0 0 0 0 0 0 0 0 0 0 0 0 0 0 
x 12 y 9 z 996
9 12
rect x 0 y 0 h 1 w 2
Plateau 15 17: x: 17 y: 15
    01234567890123456
000 .................
001 .................
002 .................
003 .................
004 ..............OOO
005 ............O.O..
006 .........OOOOOO..
007 .....O.OOOOOOXXXX
008 ..OOOOOOOOXXXXX..
009 ......OOOOXXXX...
010 .......OOXXXX....
011 ......OOOXXXX....
012 ......OOXXXXXXX..
013 .......O.........
014 .................
Piece 2 2: x: 2 y: 2
**
..
size x: 19, y: 18
0000: 0 980 981 982 983 984 985 986 987 988 989 990 991 992 993 994 995 995 0 
0001: 0 981 982 983 984 985 986 987 988 989 990 991 992 993 994 995 996 996 0 
0002: 0 982 983 984 985 986 987 988 989 990 991 992 993 994 995 996 997 997 0 
0003: 0 983 984 985 986 987 988 989 990 991 992 993 994 995 996 997 998 998 0 
0004: 0 984 985 986 987 988 989 990 991 992 993 994 995 996 997 998 999 999 0 
0005: 984 985 986 987 988 989 990 991 992 993 994 995 996 997 998 999 1000 1000 0 
0006: 986 987 988 989 990 991 992 993 994 995 996 997 998 999 1000 1000 999 998 0 
0007: 989 990 991 992 993 994 995 996 997 998 999 1000 1000 1000 1000 1000 1000 1000 0 
0008: 993 994 995 996 997 998 999 1000 1000 999 998 997 996 995 994 993 992 991 0 
0009: 996 997 998 999 1000 1000 1000 1000 1000 1000 1000 1000 1000 999 998 997 996 995 0 
0010: 992 993 994 995 996 997 998 999 1000 1000 1000 1000 1000 999 998 997 996 995 0 
0011: 991 992 993 994 995 996 997 998 999 1000 1000 1000 999 998 997 996 995 994 0 
0012: 992 993 994 995 996 997 998 999 1000 1000 1000 1000 999 998 997 996 995 994 0 
0013: 992 993 994 995 996 997 998 999 1000 1000 1000 999 998 997 996 995 994 993 0 
0014: 991 992 993 994 995 996 997 998 999 1000 1000 999 998 997 996 995 994 993 0 
0015: 0 992 993 994 995 996 997 998 999 1000 1000 999 998 997 996 995 994 993 0 
0016: 0 991 992 993 994 995 996 997 998 999 999 998 997 996 995 994 993 992 0 
0017: 0 0 0 0 0 0 0 0 0 0 0 0 0 0 0 0 0 0 0 
x 13 y 9 z 996
9 13
rect x 0 y 0 h 2 w 2
Plateau 15 17: x: 17 y: 15
    01234567890123456
000 .................
001 .................
002 .................
003 .................
004 ..............OOO
005 ............O.O..
006 .........OOOOOO..
007 .....O.OOOOOOXXXX
008 ..OOOOOOOOXXXXX..
009 ......OOOOXXXXX..
010 .......OOXXXX....
011 ......OOOXXXX....
012 ......OOXXXXXXX..
013 .......OO........
014 .................
Piece 2 2: x: 2 y: 2
.*
**
size x: 19, y: 17
0000: 0 980 981 982 983 984 985 986 987 988 989 990 991 992 993 994 995 995 0 
0001: 0 981 982 983 984 985 986 987 988 989 990 991 992 993 994 995 996 996 0 
0002: 0 982 983 984 985 986 987 988 989 990 991 992 993 994 995 996 997 997 0 
0003: 0 983 984 985 986 987 988 989 990 991 992 993 994 995 996 997 998 998 0 
0004: 0 984 985 986 987 988 989 990 991 992 993 994 995 996 997 998 999 999 0 
0005: 984 985 986 987 988 989 990 991 992 993 994 995 996 997 998 999 1000 1000 0 
0006: 986 987 988 989 990 991 992 993 994 995 996 997 998 999 1000 1000 999 998 0 
0007: 989 990 991 992 993 994 995 996 997 998 999 1000 1000 1000 1000 1000 1000 1000 0 
0008: 993 994 995 996 997 998 999 1000 1000 999 998 997 996 995 994 993 992 991 0 
0009: 996 997 998 999 1000 1000 1000 1000 1000 1000 1000 1000 1000 999 998 997 996 995 0 
0010: 992 993 994 995 996 997 998 999 1000 1000 1000 1000 1000 999 998 997 996 995 0 
0011: 991 992 993 994 995 996 997 998 999 1000 1000 1000 999 998 997 996 995 994 0 
0012: 992 993 994 995 996 997 998 999 1000 1000 1000 1000 999 998 997 996 995 994 0 
0013: 992 993 994 995 996 997 998 999 1000 1000 1000 999 998 997 996 995 994 993 0 
0014: 991 992 993 994 995 996 997 998 999 1000 1000 1000 999 998 997 996 995 994 0 
0015: 0 992 993 994 995 996 997 998 999 1000 1000 1000 999 998 997 996 995 994 0 
0016: 0 0 0 0 0 0 0 0 0 0 0 0 0 0 0 0 0 0 0 
x 9 y 12 z 998
12 9
rect x 1 y 0 h 2 w 1
Plateau 15 17: x: 17 y: 15
    01234567890123456
000 .................
001 .................
002 .................
003 ................O
004 ..............OOO
005 ............O.O..
006 .........OOOOOO..
007 .....O.OOOOOOXXXX
008 ..OOOOOOOOXXXXX..
009 ......OOOOXXXXX..
010 .......OOXXXX....
011 ......OOOXXXX....
012 ......OOXXXXXXX..
013 .......OOXX......
014 .................
Piece 2 2: x: 2 y: 2
.*
.*
size x: 20, y: 17
0000: 0 979 980 981 982 983 984 985 986 987 988 989 990 991 992 993 994 995 995 0 
0001: 0 980 981 982 983 984 985 986 987 988 989 990 991 992 993 994 995 996 996 0 
0002: 0 981 982 983 984 985 986 987 988 989 990 991 992 993 994 995 996 997 997 0 
0003: 0 982 983 984 985 986 987 988 989 990 991 992 993 994 995 996 997 998 998 0 
0004: 0 983 984 985 986 987 988 989 990 991 992 993 994 995 996 997 998 999 999 0 
0005: 983 984 985 986 987 988 989 990 991 992 993 994 995 996 997 998 999 1000 1000 0 
0006: 985 986 987 988 989 990 991 992 993 994 995 996 997 998 999 1000 1000 999 998 0 
0007: 988 989 990 991 992 993 994 995 996 997 998 999 1000 1000 1000 1000 1000 1000 1000 0 
0008: 992 993 994 995 996 997 998 999 1000 1000 999 998 997 996 995 994 993 992 991 0 
0009: 995 996 997 998 999 1000 1000 1000 1000 1000 1000 1000 1000 1000 999 998 997 996 995 0 
0010: 991 992 993 994 995 996 997 998 999 1000 1000 1000 1000 1000 999 998 997 996 995 0 
0011: 990 991 992 993 994 995 996 997 998 999 1000 1000 1000 999 998 997 996 995 994 0 
0012: 991 992 993 994 995 996 997 998 999 1000 1000 1000 1000 999 998 997 996 995 994 0 
0013: 991 992 993 994 995 996 997 998 999 1000 1000 1000 999 998 997 996 995 994 993 0 
0014: 990 991 992 993 994 995 996 997 998 999 1000 1000 1000 999 998 997 996 995 994 0 
0015: 0 991 992 993 994 995 996 997 998 999 1000 1000 1000 999 998 997 996 995 994 0 
0016: 0 0 0 0 0 0 0 0 0 0 0 0 0 0 0 0 0 0 0 0 
x 10 y 12 z 999
12 10
rect x 1 y 0 h 2 w 1
Plateau 15 17: x: 17 y: 15
    01234567890123456
000 .................
001 .................
002 .................
003 ................O
004 ..............OOO
005 ............O.O..
006 .........OOOOOO..
007 .....O.OOOOOOXXXX
008 ..OOOOOOOOXXXXX..
009 ......OOOOXXXXX..
010 .......OOXXXX....
011 ......OOOXXXX....
012 ......OOXXXXXXX..
013 .......OOXXX.....
014 ........O........
Piece 2 2: x: 2 y: 2
.*
.*
size x: 20, y: 17
0000: 0 979 980 981 982 983 984 985 986 987 988 989 990 991 992 993 994 995 995 0 
0001: 0 980 981 982 983 984 985 986 987 988 989 990 991 992 993 994 995 996 996 0 
0002: 0 981 982 983 984 985 986 987 988 989 990 991 992 993 994 995 996 997 997 0 
0003: 0 982 983 984 985 986 987 988 989 990 991 992 993 994 995 996 997 998 998 0 
0004: 0 983 984 985 986 987 988 989 990 991 992 993 994 995 996 997 998 999 999 0 
0005: 983 984 985 986 987 988 989 990 991 992 993 994 995 996 997 998 999 1000 1000 0 
0006: 985 986 987 988 989 990 991 992 993 994 995 996 997 998 999 1000 1000 999 998 0 
0007: 988 989 990 991 992 993 994 995 996 997 998 999 1000 1000 1000 1000 1000 1000 1000 0 
0008: 992 993 994 995 996 997 998 999 1000 1000 999 998 997 996 995 994 993 992 991 0 
0009: 995 996 997 998 999 1000 1000 1000 1000 1000 1000 1000 1000 1000 999 998 997 996 995 0 
0010: 991 992 993 994 995 996 997 998 999 1000 1000 1000 1000 1000 999 998 997 996 995 0 
0011: 990 991 992 993 994 995 996 997 998 999 1000 1000 1000 999 998 997 996 995 994 0 
0012: 991 992 993 994 995 996 997 998 999 1000 1000 1000 1000 999 998 997 996 995 994 0 
0013: 991 992 993 994 995 996 997 998 999 1000 1000 1000 999 998 997 996 995 994 993 0 
0014: 990 991 992 993 994 995 996 997 998 999 1000 1000 1000 999 998 997 996 995 994 0 
0015: 989 990 991 992 993 994 995 996 997 998 999 1000 1000 999 998 997 996 995 994 0 
0016: 0 0 0 0 0 0 0 0 0 0 0 0 0 0 0 0 0 0 0 0 
x 11 y 12 z 998
12 11
rect x 0 y 0 h 2 w 2
Plateau 15 17: x: 17 y: 15
    01234567890123456
000 .................
001 .................
002 .................
003 ...............OO
004 ..............OOO
005 ............O.O..
006 .........OOOOOO..
007 .....O.OOOOOOXXXX
008 ..OOOOOOOOXXXXX..
009 ......OOOOXXXXX..
010 .......OOXXXX....
011 ......OOOXXXX....
012 ......OOXXXXXXX..
013 .......OOXXXX....
014 ........O........
Piece 2 2: x: 2 y: 2
**
.*
size x: 19, y: 17
0000: 0 980 981 982 983 984 985 986 987 988 989 990 991 992 993 994 995 996 0 
0001: 0 981 982 983 984 985 986 987 988 989 990 991 992 993 994 995 996 997 0 
0002: 0 982 983 984 985 986 987 988 989 990 991 992 993 994 995 996 997 998 0 
0003: 0 983 984 985 986 987 988 989 990 991 992 993 994 995 996 997 998 999 0 
0004: 983 984 985 986 987 988 989 990 991 992 993 994 995 996 997 998 999 1000 0 
0005: 984 985 986 987 988 989 990 991 992 993 994 995 996 997 998 999 1000 1000 0 
0006: 986 987 988 989 990 991 992 993 994 995 996 997 998 999 1000 1000 999 998 0 
0007: 989 990 991 992 993 994 995 996 997 998 999 1000 1000 1000 1000 1000 1000 1000 0 
0008: 993 994 995 996 997 998 999 1000 1000 999 998 997 996 995 994 993 992 991 0 
0009: 996 997 998 999 1000 1000 1000 1000 1000 1000 1000 1000 1000 999 998 997 996 995 0 
0010: 992 993 994 995 996 997 998 999 1000 1000 1000 1000 1000 999 998 997 996 995 0 
0011: 991 992 993 994 995 996 997 998 999 1000 1000 1000 999 998 997 996 995 994 0 
0012: 992 993 994 995 996 997 998 999 1000 1000 1000 1000 999 998 997 996 995 994 0 
0013: 992 993 994 995 996 997 998 999 1000 1000 1000 999 998 997 996 995 994 993 0 
0014: 991 992 993 994 995 996 997 998 999 1000 1000 1000 999 998 997 996 995 994 0 
0015: 990 991 992 993 994 995 996 997 998 999 1000 1000 999 998 997 996 995 994 0 
0016: 0 0 0 0 0 0 0 0 0 0 0 0 0 0 0 0 0 0 0 
x 12 y 10 z 995
10 12
rect x 0 y 0 h 2 w 1
Plateau 15 17: x: 17 y: 15
    01234567890123456
000 .................
001 .................
002 .................
003 ...............OO
004 ..............OOO
005 ............O.O..
006 .........OOOOOO..
007 .....O.OOOOOOXXXX
008 ..OOOOOOOOXXXXX..
009 ......OOOOXXXXX..
010 .......OOXXXXX...
011 ......OOOXXXXX...
012 ......OOXXXXXXX..
013 .......OOXXXX....
014 ........OOO......
Piece 2 1: x: 1 y: 2
*
*
size x: 19, y: 17
0000: 0 980 981 982 983 984 985 986 987 988 989 990 991 992 993 994 995 996 0 
0001: 0 981 982 983 984 985 986 987 988 989 990 991 992 993 994 995 996 997 0 
0002: 0 982 983 984 985 986 987 988 989 990 991 992 993 994 995 996 997 998 0 
0003: 0 983 984 985 986 987 988 989 990 991 992 993 994 995 996 997 998 999 0 
0004: 983 984 985 986 987 988 989 990 991 992 993 994 995 996 997 998 999 1000 0 
0005: 984 985 986 987 988 989 990 991 992 993 994 995 996 997 998 999 1000 1000 0 
0006: 986 987 988 989 990 991 992 993 994 995 996 997 998 999 1000 1000 999 998 0 
0007: 989 990 991 992 993 994 995 996 997 998 999 1000 1000 1000 1000 1000 1000 1000 0 
0008: 993 994 995 996 997 998 999 1000 1000 999 998 997 996 995 994 993 992 991 0 
0009: 996 997 998 999 1000 1000 1000 1000 1000 1000 1000 1000 1000 999 998 997 996 995 0 
0010: 992 993 994 995 996 997 998 999 1000 1000 1000 1000 1000 999 998 997 996 995 0 
0011: 991 992 993 994 995 996 997 998 999 1000 1000 1000 999 998 997 996 995 994 0 
0012: 992 993 994 995 996 997 998 999 1000 1000 1000 1000 999 998 997 996 995 994 0 
0013: 992 993 994 995 996 997 998 999 1000 1000 1000 999 998 997 996 995 994 993 0 
0014: 991 992 993 994 995 996 997 998 999 1000 1000 1000 999 998 997 996 995 994 0 
0015: 990 991 992 993 994 995 996 997 998 999 1000 1000 1000 1000 999 998 997 996 0 
0016: 0 0 0 0 0 0 0 0 0 0 0 0 0 0 0 0 0 0 0 
x 13 y 12 z 998
12 13
rect x 0 y 0 h 2 w 2
Plateau 15 17: x: 17 y: 15
    01234567890123456
000 .................
001 .................
002 .................
003 ...............OO
004 ..............OOO
005 ............O.OOO
006 .........OOOOOO..
007 .....O.OOOOOOXXXX
008 ..OOOOOOOOXXXXX..
009 ......OOOOXXXXX..
010 .......OOXXXXX...
011 ......OOOXXXXX...
012 ......OOXXXXXXX..
013 .......OOXXXXX...
014 ........OOO......
Piece 2 2: x: 2 y: 2
.*
**
size x: 19, y: 17
0000: 0 980 981 982 983 984 985 986 987 988 989 990 991 992 993 994 995 996 0 
0001: 0 981 982 983 984 985 986 987 988 989 990 991 992 993 994 995 996 997 0 
0002: 0 982 983 984 985 986 987 988 989 990 991 992 993 994 995 996 997 998 0 
0003: 0 983 984 985 986 987 988 989 990 991 992 993 994 995 996 997 998 999 0 
0004: 983 984 985 986 987 988 989 990 991 992 993 994 995 996 997 998 999 1000 0 
0005: 984 985 986 987 988 989 990 991 992 993 994 995 996 997 998 999 1000 1000 0 
0006: 986 987 988 989 990 991 992 993 994 995 996 997 998 999 1000 1000 999 998 0 
0007: 989 990 991 992 993 994 995 996 997 998 999 1000 1000 1000 1000 1000 1000 1000 0 
0008: 993 994 995 996 997 998 999 1000 1000 999 998 997 996 995 994 993 992 991 0 
0009: 996 997 998 999 1000 1000 1000 1000 1000 1000 1000 1000 1000 999 998 997 996 995 0 
0010: 992 993 994 995 996 997 998 999 1000 1000 1000 1000 1000 999 998 997 996 995 0 
0011: 991 992 993 994 995 996 997 998 999 1000 1000 1000 999 998 997 996 995 994 0 
0012: 992 993 994 995 996 997 998 999 1000 1000 1000 1000 999 998 997 996 995 994 0 
0013: 992 993 994 995 996 997 998 999 1000 1000 1000 999 998 997 996 995 994 993 0 
0014: 991 992 993 994 995 996 997 998 999 1000 1000 1000 999 998 997 996 995 994 0 
0015: 990 991 992 993 994 995 996 997 998 999 1000 1000 1000 1000 999 998 997 996 0 
0016: 0 0 0 0 0 0 0 0 0 0 0 0 0 0 0 0 0 0 0 
x 14 y 8 z 994
8 14
rect x 0 y 0 h 2 w 1
Plateau 15 17: x: 17 y: 15
    01234567890123456
000 .................
001 .................
002 .................
003 ...............OO
004 ..............OOO
005 ............O.OOO
006 .........OOOOOO..
007 .....O.OOOOOOXXXX
008 ..OOOOOOOOXXXXXX.
009 ......OOOOXXXXXX.
010 .......OOXXXXX...
011 ......OOOXXXXX...
012 ......OOXXXXXXX..
013 ......OOOXXXXX...
014 .......OOOO......
Piece 2 1: x: 1 y: 2
*
*
size x: 19, y: 17
0000: 0 980 981 982 983 984 985 986 987 988 989 990 991 992 993 994 995 996 0 
0001: 0 981 982 983 984 985 986 987 988 989 990 991 992 993 994 995 996 997 0 
0002: 0 982 983 984 985 986 987 988 989 990 991 992 993 994 995 996 997 998 0 
0003: 0 983 984 985 986 987 988 989 990 991 992 993 994 995 996 997 998 999 0 
0004: 983 984 985 986 987 988 989 990 991 992 993 994 995 996 997 998 999 1000 0 
0005: 984 985 986 987 988 989 990 991 992 993 994 995 996 997 998 999 1000 1000 0 
0006: 986 987 988 989 990 991 992 993 994 995 996 997 998 999 1000 1000 999 998 0 
0007: 989 990 991 992 993 994 995 996 997 998 999 1000 1000 1000 1000 1000 1000 1000 0 
0008: 993 994 995 996 997 998 999 1000 1000 999 998 997 996 995 994 993 992 991 0 
0009: 996 997 998 999 1000 1000 1000 1000 1000 1000 1000 1000 1000 999 998 997 996 995 0 
0010: 992 993 994 995 996 997 998 999 1000 1000 1000 1000 1000 999 998 997 996 995 0 
0011: 991 992 993 994 995 996 997 998 999 1000 1000 1000 999 998 997 996 995 994 0 
0012: 992 993 994 995 996 997 998 999 1000 1000 1000 1000 999 998 997 996 995 994 0 
0013: 992 993 994 995 996 997 998 999 1000 1000 1000 999 998 997 996 995 994 993 0 
0014: 992 993 994 995 996 997 998 999 1000 1000 1000 1000 999 998 997 996 995 994 0 
0015: 991 992 993 994 995 996 997 998 999 1000 1000 1000 1000 1000 999 998 997 996 0 
0016: 0 0 0 0 0 0 0 0 0 0 0 0 0 0 0 0 0 0 0 
x 14 y 12 z 997
12 14
rect x 1 y 0 h 1 w 2
Plateau 15 17: x: 17 y: 15
    01234567890123456
000 .................
001 .................
002 .............OO..
003 .............OOOO
004 ..............OOO
005 ............O.OOO
006 .........OOOOOO..
007 .....O.OOOOOOXXXX
008 ..OOOOOOOOXXXXXX.
009 ......OOOOXXXXXX.
010 .......OOXXXXX...
011 ......OOOXXXXX...
012 ......OOXXXXXXX..
013 ......OOOXXXXXX..
014 .......OOOO......
Piece 1 3: x: 3 y: 1
.**
size x: 20, y: 17
0000: 0 982 983 984 985 986 987 988 989 990 991 992 993 994 995 996 997 997 997 0 
0001: 0 983 984 985 986 987 988 989 990 991 992 993 994 995 996 997 998 998 998 0 
0002: 0 984 985 986 987 988 989 990 991 992 993 994 995 996 997 998 999 999 999 0 
0003: 984 985 986 987 988 989 990 991 992 993 994 995 996 997 998 999 1000 1000 1000 0 
0004: 984 985 986 987 988 989 990 991 992 993 994 995 996 997 998 999 1000 1000 1000 0 
0005: 983 984 985 986 987 988 989 990 991 992 993 994 995 996 997 998 999 1000 1000 0 
0006: 985 986 987 988 989 990 991 992 993 994 995 996 997 998 999 1000 1000 999 998 0 
0007: 988 989 990 991 992 993 994 995 996 997 998 999 1000 1000 1000 1000 1000 1000 1000 0 
0008: 992 993 994 995 996 997 998 999 1000 1000 999 998 997 996 995 994 993 992 991 0 
0009: 995 996 997 998 999 1000 1000 1000 1000 1000 1000 1000 1000 1000 999 998 997 996 995 0 
0010: 991 992 993 994 995 996 997 998 999 1000 1000 1000 1000 1000 999 998 997 996 995 0 
0011: 990 991 992 993 994 995 996 997 998 999 1000 1000 1000 999 998 997 996 995 994 0 
0012: 991 992 993 994 995 996 997 998 999 1000 1000 1000 1000 999 998 997 996 995 994 0 
0013: 991 992 993 994 995 996 997 998 999 1000 1000 1000 999 998 997 996 995 994 993 0 
0014: 991 992 993 994 995 996 997 998 999 1000 1000 1000 1000 999 998 997 996 995 994 0 
0015: 990 991 992 993 994 995 996 997 998 999 1000 1000 1000 1000 1000 999 998 997 996 0 
0016: 0 0 0 0 0 0 0 0 0 0 0 0 0 0 0 0 0 0 0 0 
x 12 y 10 z 996
10 12
rect x 0 y 0 h 1 w 2
Plateau 15 17: x: 17 y: 15
    01234567890123456
000 .................
001 .................
002 .............OO..
003 .............OOOO
004 ..............OOO
005 ............O.OOO
006 .........OOOOOO..
007 .....O.OOOOOOXXXX
008 ..OOOOOOOOXXXXXX.
009 ......OOOOXXXXXX.
010 .......OOXXXXXX..
011 ......OOOXXXXX...
012 ......OOXXXXXXX..
013 ......OOOXXXXXX..
014 .......OOOOOO....
Piece 1 2: x: 2 y: 1
**
size x: 19, y: 17
0000: 0 983 984 985 986 987 988 989 990 991 992 993 994 995 996 997 997 997 0 
0001: 0 984 985 986 987 988 989 990 991 992 993 994 995 996 997 998 998 998 0 
0002: 0 985 986 987 988 989 990 991 992 993 994 995 996 997 998 999 999 999 0 
0003: 985 986 987 988 989 990 991 992 993 994 995 996 997 998 999 1000 1000 1000 0 
0004: 985 986 987 988 989 990 991 992 993 994 995 996 997 998 999 1000 1000 1000 0 
0005: 984 985 986 987 988 989 990 991 992 993 994 995 996 997 998 999 1000 1000 0 
0006: 986 987 988 989 990 991 992 993 994 995 996 997 998 999 1000 1000 999 998 0 
0007: 989 990 991 992 993 994 995 996 997 998 999 1000 1000 1000 1000 1000 1000 1000 0 
0008: 993 994 995 996 997 998 999 1000 1000 999 998 997 996 995 994 993 992 991 0 
0009: 996 997 998 999 1000 1000 1000 1000 1000 1000 1000 1000 1000 999 998 997 996 995 0 
0010: 992 993 994 995 996 997 998 999 1000 1000 1000 1000 1000 999 998 997 996 995 0 
0011: 991 992 993 994 995 996 997 998 999 1000 1000 1000 999 998 997 996 995 994 0 
0012: 992 993 994 995 996 997 998 999 1000 1000 1000 1000 999 998 997 996 995 994 0 
0013: 992 993 994 995 996 997 998 999 1000 1000 1000 999 998 997 996 995 994 993 0 
0014: 992 993 994 995 996 997 998 999 1000 1000 1000 1000 999 998 997 996 995 994 0 
0015: 991 992 993 994 995 996 997 998 999 1000 1000 1000 1000 1000 1000 1000 999 998 0 
0016: 0 0 0 0 0 0 0 0 0 0 0 0 0 0 0 0 0 0 0 
x 13 y 11 z 995
11 13
rect x 0 y 0 h 2 w 2
Plateau 15 17: x: 17 y: 15
    01234567890123456
000 .................
001 .................
002 .............OOO.
003 .............OOOO
004 ..............OOO
005 ............O.OOO
006 .........OOOOOO..
007 .....O.OOOOOOXXXX
008 ..OOOOOOOOXXXXXX.
009 ......OOOOXXXXXX.
010 .......OOXXXXXX..
011 ......OOOXXXXXX..
012 ......OOXXXXXXX..
013 ......OOOXXXXXX..
014 .......OOOOOO....
Piece 2 2: x: 2 y: 2
*.
**
size x: 19, y: 17
0000: 0 983 984 985 986 987 988 989 990 991 992 993 994 995 996 997 997 997 0 
0001: 0 984 985 986 987 988 989 990 991 992 993 994 995 996 997 998 998 998 0 
0002: 0 985 986 987 988 989 990 991 992 993 994 995 996 997 998 999 999 999 0 
0003: 985 986 987 988 989 990 991 992 993 994 995 996 997 998 999 1000 1000 1000 0 
0004: 985 986 987 988 989 990 991 992 993 994 995 996 997 998 999 1000 1000 1000 0 
0005: 984 985 986 987 988 989 990 991 992 993 994 995 996 997 998 999 1000 1000 0 
0006: 986 987 988 989 990 991 992 993 994 995 996 997 998 999 1000 1000 999 998 0 
0007: 989 990 991 992 993 994 995 996 997 998 999 1000 1000 1000 1000 1000 1000 1000 0 
0008: 993 994 995 996 997 998 999 1000 1000 999 998 997 996 995 994 993 992 991 0 
0009: 996 997 998 999 1000 1000 1000 1000 1000 1000 1000 1000 1000 999 998 997 996 995 0 
0010: 992 993 994 995 996 997 998 999 1000 1000 1000 1000 1000 999 998 997 996 995 0 
0011: 991 992 993 994 995 996 997 998 999 1000 1000 1000 999 998 997 996 995 994 0 
0012: 992 993 994 995 996 997 998 999 1000 1000 1000 1000 999 998 997 996 995 994 0 
0013: 992 993 994 995 996 997 998 999 1000 1000 1000 999 998 997 996 995 994 993 0 
0014: 992 993 994 995 996 997 998 999 1000 1000 1000 1000 999 998 997 996 995 994 0 
0015: 991 992 993 994 995 996 997 998 999 1000 1000 1000 1000 1000 1000 1000 999 998 0 
0016: 0 0 0 0 0 0 0 0 0 0 0 0 0 0 0 0 0 0 0 
x 15 y 9 z 0
9 15
rect x 0 y 1 h 1 w 2
Plateau 15 17: x: 17 y: 15
    01234567890123456
000 .................
001 .................
002 .............OOO.
003 .............OOOO
004 ..............OOO
005 ............O.OOO
006 .........OOOOOO..
007 .....O.OOOOOOXXXX
008 ..OOOOOOOOXXXXXX.
009 ......OOOOXXXXXX.
010 .......OOXXXXXXXX
011 ......OOOXXXXXX..
012 ......OOXXXXXXX..
013 ......OOOXXXXXX..
014 ......OOOOOOO....
Piece 2 2: x: 2 y: 2
..
**
size x: 19, y: 18
0000: 0 982 983 984 985 986 987 988 989 990 991 992 993 994 995 996 996 996 0 
0001: 0 983 984 985 986 987 988 989 990 991 992 993 994 995 996 997 997 997 0 
0002: 0 984 985 986 987 988 989 990 991 992 993 994 995 996 997 998 998 998 0 
0003: 0 985 986 987 988 989 990 991 992 993 994 995 996 997 998 999 999 999 0 
0004: 985 986 987 988 989 990 991 992 993 994 995 996 997 998 999 1000 1000 1000 0 
0005: 985 986 987 988 989 990 991 992 993 994 995 996 997 998 999 1000 1000 1000 0 
0006: 984 985 986 987 988 989 990 991 992 993 994 995 996 997 998 999 1000 1000 0 
0007: 986 987 988 989 990 991 992 993 994 995 996 997 998 999 1000 1000 999 998 0 
0008: 989 990 991 992 993 994 995 996 997 998 999 1000 1000 1000 1000 1000 1000 1000 0 
0009: 993 994 995 996 997 998 999 1000 1000 999 998 997 996 995 994 993 992 991 0 
0010: 996 997 998 999 1000 1000 1000 1000 1000 1000 1000 1000 1000 999 998 997 996 995 0 
0011: 992 993 994 995 996 997 998 999 1000 1000 1000 1000 1000 999 998 997 996 995 0 
0012: 991 992 993 994 995 996 997 998 999 1000 1000 1000 999 998 997 996 995 994 0 
0013: 992 993 994 995 996 997 998 999 1000 1000 1000 1000 999 998 997 996 995 994 0 
0014: 992 993 994 995 996 997 998 999 1000 1000 1000 999 998 997 996 995 994 993 0 
0015: 992 993 994 995 996 997 998 999 1000 1000 1000 1000 999 998 997 996 995 994 0 
0016: 992 993 994 995 996 997 998 999 1000 1000 1000 1000 1000 1000 1000 1000 999 998 0 
0017: 0 0 0 0 0 0 0 0 0 0 0 0 0 0 0 0 0 0 0 
x 14 y 10 z 994
10 14
rect x 0 y 0 h 1 w 2
Plateau 15 17: x: 17 y: 15
    01234567890123456
000 .................
001 ................O
002 .............OOOO
003 .............OOOO
004 ..............OOO
005 ............O.OOO
006 .........OOOOOO..
007 .....O.OOOOOOXXXX
008 ..OOOOOOOOXXXXXX.
009 ......OOOOXXXXXX.
010 .......OOXXXXXXXX
011 ......OOOXXXXXXX.
012 ......OOXXXXXXX..
013 ......OOOXXXXXX..
014 ......OOOOOOO....
Piece 2 2: x: 2 y: 2
**
..
size x: 19, y: 18
0000: 0 983 984 985 986 987 988 989 990 991 992 993 994 995 996 997 997 997 0 
0001: 0 984 985 986 987 988 989 990 991 992 993 994 995 996 997 998 998 998 0 
0002: 0 985 986 987 988 989 990 991 992 993 994 995 996 997 998 999 999 999 0 
0003: 985 986 987 988 989 990 991 992 993 994 995 996 997 998 999 1000 1000 1000 0 
0004: 985 986 987 988 989 990 991 992 993 994 995 996 997 998 999 1000 1000 1000 0 
0005: 984 985 986 987 988 989 990 991 992 993 994 995 996 997 998 999 1000 1000 0 
0006: 986 987 988 989 990 991 992 993 994 995 996 997 998 999 1000 1000 999 998 0 
0007: 989 990 991 992 993 994 995 996 997 998 999 1000 1000 1000 1000 1000 1000 1000 0 
0008: 993 994 995 996 997 998 999 1000 1000 999 998 997 996 995 994 993 992 991 0 
0009: 996 997 998 999 1000 1000 1000 1000 1000 1000 1000 1000 1000 999 998 997 996 995 0 
0010: 992 993 994 995 996 997 998 999 1000 1000 1000 1000 1000 999 998 997 996 995 0 
0011: 991 992 993 994 995 996 997 998 999 1000 1000 1000 999 998 997 996 995 994 0 
0012: 992 993 994 995 996 997 998 999 1000 1000 1000 1000 999 998 997 996 995 994 0 
0013: 992 993 994 995 996 997 998 999 1000 1000 1000 999 998 997 996 995 994 993 0 
0014: 992 993 994 995 996 997 998 999 1000 1000 1000 1000 999 998 997 996 995 994 0 
0015: 992 993 994 995 996 997 998 999 1000 1000 1000 1000 1000 1000 1000 1000 999 998 0 
0016: 0 993 994 995 996 997 998 999 1000 1000 1000 1000 1000 1000 1000 1000 999 998 0 
0017: 0 0 0 0 0 0 0 0 0 0 0 0 0 0 0 0 0 0 0 
x 14 y 13 z 994
13 14
rect x 1 y 0 h 1 w 2
Plateau 15 17: x: 17 y: 15
    01234567890123456
000 .................
001 ................O
002 .............OOOO
003 .............OOOO
004 ..............OOO
005 ............O.OOO
006 .........OOOOOO..
007 .....O.OOOOOOXXXX
008 ..OOOOOOOOXXXXXX.
009 ......OOOOXXXXXX.
010 ......OOOXXXXXXXX
011 ......OOOXXXXXXX.
012 ......OOXXXXXXX..
013 ......OOOXXXXXXX.
014 ......OOOOOOO....
Piece 2 3: x: 3 y: 2
.**
...
size x: 20, y: 18
0000: 0 982 983 984 985 986 987 988 989 990 991 992 993 994 995 996 997 997 997 0 
0001: 0 983 984 985 986 987 988 989 990 991 992 993 994 995 996 997 998 998 998 0 
0002: 0 984 985 986 987 988 989 990 991 992 993 994 995 996 997 998 999 999 999 0 
0003: 984 985 986 987 988 989 990 991 992 993 994 995 996 997 998 999 1000 1000 1000 0 
0004: 984 985 986 987 988 989 990 991 992 993 994 995 996 997 998 999 1000 1000 1000 0 
0005: 983 984 985 986 987 988 989 990 991 992 993 994 995 996 997 998 999 1000 1000 0 
0006: 985 986 987 988 989 990 991 992 993 994 995 996 997 998 999 1000 1000 999 998 0 
0007: 988 989 990 991 992 993 994 995 996 997 998 999 1000 1000 1000 1000 1000 1000 1000 0 
0008: 992 993 994 995 996 997 998 999 1000 1000 999 998 997 996 995 994 993 992 991 0 
0009: 995 996 997 998 999 1000 1000 1000 1000 1000 1000 1000 1000 1000 999 998 997 996 995 0 
0010: 991 992 993 994 995 996 997 998 999 1000 1000 1000 1000 1000 999 998 997 996 995 0 
0011: 991 992 993 994 995 996 997 998 999 1000 1000 1000 1000 999 998 997 996 995 994 0 
0012: 991 992 993 994 995 996 997 998 999 1000 1000 1000 1000 999 998 997 996 995 994 0 
0013: 991 992 993 994 995 996 997 998 999 1000 1000 1000 999 998 997 996 995 994 993 0 
0014: 991 992 993 994 995 996 997 998 999 1000 1000 1000 1000 999 998 997 996 995 994 0 
0015: 991 992 993 994 995 996 997 998 999 1000 1000 1000 1000 1000 1000 1000 1000 999 998 0 
0016: 0 992 993 994 995 996 997 998 999 1000 1000 1000 1000 1000 1000 1000 1000 999 998 0 
0017: 0 0 0 0 0 0 0 0 0 0 0 0 0 0 0 0 0 0 0 0 
x 14 y 8 z 995
8 14
rect x 0 y 0 h 2 w 1
Plateau 15 17: x: 17 y: 15
    01234567890123456
000 ................O
001 ................O
002 .............OOOO
003 .............OOOO
004 ..............OOO
005 ............O.OOO
006 .........OOOOOO..
007 .....O.OOOOOOXXXX
008 ..OOOOOOOOXXXXXXX
009 ......OOOOXXXXXX.
010 ......OOOXXXXXXXX
011 ......OOOXXXXXXX.
012 ......OOXXXXXXX..
013 ......OOOXXXXXXX.
014 ......OOOOOOO....
Piece 2 1: x: 1 y: 2
*
*
size x: 19, y: 17
0000: 0 983 984 985 986 987 988 989 990 991 992 993 994 995 996 997 997 997 0 
0001: 0 984 985 986 987 988 989 990 991 992 993 994 995 996 997 998 998 998 0 
0002: 0 985 986 987 988 989 990 991 992 993 994 995 996 997 998 999 999 999 0 
0003: 985 986 987 988 989 990 991 992 993 994 995 996 997 998 999 1000 1000 1000 0 
0004: 985 986 987 988 989 990 991 992 993 994 995 996 997 998 999 1000 1000 1000 0 
0005: 984 985 986 987 988 989 990 991 992 993 994 995 996 997 998 999 1000 1000 0 
0006: 986 987 988 989 990 991 992 993 994 995 996 997 998 999 1000 1000 999 998 0 
0007: 989 990 991 992 993 994 995 996 997 998 999 1000 1000 1000 1000 1000 1000 1000 0 
0008: 993 994 995 996 997 998 999 1000 1000 999 998 997 996 995 994 993 992 991 0 
0009: 996 997 998 999 1000 1000 1000 1000 1000 1000 1000 1000 1000 999 998 997 996 995 0 
0010: 992 993 994 995 996 997 998 999 1000 1000 1000 1000 1000 999 998 997 996 995 0 
0011: 992 993 994 995 996 997 998 999 1000 1000 1000 1000 999 998 997 996 995 994 0 
0012: 992 993 994 995 996 997 998 999 1000 1000 1000 1000 999 998 997 996 995 994 0 
0013: 992 993 994 995 996 997 998 999 1000 1000 1000 999 998 997 996 995 994 993 0 
0014: 992 993 994 995 996 997 998 999 1000 1000 1000 1000 999 998 997 996 995 994 0 
0015: 992 993 994 995 996 997 998 999 1000 1000 1000 1000 1000 1000 1000 1000 999 998 0 
0016: 0 0 0 0 0 0 0 0 0 0 0 0 0 0 0 0 0 0 0 
x 15 y 12 z 998
12 15
rect x 0 y 0 h 2 w 1
Plateau 15 17: x: 17 y: 15
    01234567890123456
000 ................O
001 ................O
002 .............OOOO
003 .............OOOO
004 ..............OOO
005 ............O.OOO
006 .........OOOOOO..
007 .....O.OOOOOOXXXX
008 ..OOOOOOOOXXXXXXX
009 ......OOOOXXXXXX.
010 ......OOOXXXXXXXX
011 ......OOOXXXXXXX.
012 ......OOXXXXXXXX.
013 ......OOOXXXXXXX.
014 ......OOOOOOOO...
Piece 2 3: x: 3 y: 2
*..
*..
size x: 21, y: 17
0000: 0 983 984 985 986 987 988 989 990 991 992 993 994 995 996 997 997 997 997 996 0 
0001: 0 984 985 986 987 988 989 990 991 992 993 994 995 996 997 998 998 998 998 997 0 
0002: 0 985 986 987 988 989 990 991 992 993 994 995 996 997 998 999 999 999 999 998 0 
0003: 985 986 987 988 989 990 991 992 993 994 995 996 997 998 999 1000 1000 1000 1000 999 0 
0004: 985 986 987 988 989 990 991 992 993 994 995 996 997 998 999 1000 1000 1000 1000 999 0 
0005: 984 985 986 987 988 989 990 991 992 993 994 995 996 997 998 999 1000 1000 1000 999 0 
0006: 986 987 988 989 990 991 992 993 994 995 996 997 998 999 1000 1000 999 998 997 996 0 
0007: 989 990 991 992 993 994 995 996 997 998 999 1000 1000 1000 1000 1000 1000 1000 999 998 0 
0008: 993 994 995 996 997 998 999 1000 1000 999 998 997 996 995 994 993 992 991 990 989 0 
0009: 996 997 998 999 1000 1000 1000 1000 1000 1000 1000 1000 1000 999 998 997 996 995 994 993 0 
0010: 992 993 994 995 996 997 998 999 1000 1000 1000 1000 1000 999 998 997 996 995 994 993 0 
0011: 992 993 994 995 996 997 998 999 1000 1000 1000 1000 999 998 997 996 995 994 993 992 0 
0012: 992 993 994 995 996 997 998 999 1000 1000 1000 1000 999 998 997 996 995 994 993 992 0 
0013: 992 993 994 995 996 997 998 999 1000 1000 1000 999 998 997 996 995 994 993 992 991 0 
0014: 992 993 994 995 996 997 998 999 1000 1000 1000 1000 999 998 997 996 995 994 993 992 0 
0015: 992 993 994 995 996 997 998 999 1000 1000 1000 1000 1000 1000 1000 1000 1000 999 998 997 0 
0016: 0 0 0 0 0 0 0 0 0 0 0 0 0 0 0 0 0 0 0 0 0 
x 15 y 6 z 995
6 15
rect x 1 y 0 h 1 w 2
Plateau 15 17: x: 17 y: 15
    01234567890123456
000 ...............OO
001 ................O
002 .............OOOO
003 .............OOOO
004 ..............OOO
005 ............O.OOO
006 .........OOOOOOX.
007 .....O.OOOOOOXXXX
008 ..OOOOOOOOXXXXXXX
009 ......OOOOXXXXXX.
010 ......OOOXXXXXXXX
011 ......OOOXXXXXXX.
012 ......OOXXXXXXXX.
013 ......OOOXXXXXXX.
014 ......OOOOOOOO...
Piece 1 3: x: 3 y: 1
.**
size x: 20, y: 17
0000: 0 982 983 984 985 986 987 988 989 990 991 992 993 994 995 996 997 998 999 0 
0001: 982 983 984 985 986 987 988 989 990 991 992 993 994 995 996 997 998 999 1000 0 
0002: 0 983 984 985 986 987 988 989 990 991 992 993 994 995 996 997 998 999 1000 0 
0003: 984 982 983 984 985 986 987 988 989 990 991 992 993 994 995 996 997 998 999 0 
0004: 984 981 982 983 984 985 986 987 988 989 990 991 992 993 994 995 996 997 998 0 
0005: 983 980 981 982 983 984 985 986 987 988 989 990 991 992 993 994 995 996 997 0 
0006: 985 979 980 981 982 983 984 985 986 987 988 989 990 991 992 993 994 995 996 0 
0007: 988 978 979 980 981 982 983 984 985 986 987 988 989 990 991 992 993 994 995 0 
0008: 992 977 978 979 980 981 982 983 984 985 986 987 988 989 990 991 992 993 994 0 
0009: 995 976 977 978 979 980 981 982 983 984 985 986 987 988 989 990 991 992 993 0 
0010: 991 975 976 977 978 979 980 981 982 983 984 985 986 987 988 989 990 991 992 0 
0011: 991 974 975 976 977 978 979 980 981 982 983 984 985 986 987 988 989 990 991 0 
0012: 991 973 974 975 976 977 978 979 980 981 982 983 984 985 986 987 988 989 990 0 
0013: 991 972 973 974 975 976 977 978 979 980 981 982 983 984 985 986 987 988 989 0 
0014: 991 971 972 973 974 975 976 977 978 979 980 981 982 983 984 985 986 987 988 0 
0015: 991 970 971 972 973 974 975 976 977 978 979 980 981 982 983 984 985 986 987 0 
0016: 0 0 0 0 0 0 0 0 0 0 0 0 0 0 0 0 0 0 0 0 
x 14 y 6 z 992
6 14
rect x 0 y 1 h 1 w 2
Plateau 15 17: x: 17 y: 15
    01234567890123456
000 ...............OO
001 ................O
002 .............OOOO
003 .............OOOO
004 ..............OOO
005 ............O.OOO
006 .........OOOOOOXX
007 .....O.OOOOOOXXXX
008 ..OOOOOOOOXXXXXXX
009 ......OOOOXXXXXX.
010 ......OOOXXXXXXXX
011 ......OOOXXXXXXX.
012 ......OOXXXXXXXX.
013 .....OOOOXXXXXXX.
014 .....OOOOOOOOO...
Piece 2 3: x: 3 y: 2
...
**.
size x: 20, y: 18
0000: 0 982 983 984 985 986 987 988 989 990 991 992 993 994 995 996 997 998 998 0 
0001: 0 983 984 985 986 987 988 989 990 991 992 993 994 995 996 997 998 999 999 0 
0002: 983 984 985 986 987 988 989 990 991 992 993 994 995 996 997 998 999 1000 1000 0 
0003: 0 984 985 986 987 988 989 990 991 992 993 994 995 996 997 998 999 1000 1000 0 
0004: 985 983 984 985 986 987 988 989 990 991 992 993 994 995 996 997 998 999 999 0 
0005: 985 982 983 984 985 986 987 988 989 990 991 992 993 994 995 996 997 998 998 0 
0006: 984 981 982 983 984 985 986 987 988 989 990 991 992 993 994 995 996 997 997 0 
0007: 986 980 981 982 983 984 985 986 987 988 989 990 991 992 993 994 995 996 996 0 
0008: 989 979 980 981 982 983 984 985 986 987 988 989 990 991 992 993 994 995 995 0 
0009: 993 978 979 980 981 982 983 984 985 986 987 988 989 990 991 992 993 994 994 0 
0010: 996 977 978 979 980 981 982 983 984 985 986 987 988 989 990 991 992 993 993 0 
0011: 992 976 977 978 979 980 981 982 983 984 985 986 987 988 989 990 991 992 992 0 
0012: 992 975 976 977 978 979 980 981 982 983 984 985 986 987 988 989 990 991 991 0 
0013: 992 974 975 976 977 978 979 980 981 982 983 984 985 986 987 988 989 990 990 0 
0014: 992 973 974 975 976 977 978 979 980 981 982 983 984 985 986 987 988 989 989 0 
0015: 993 972 973 974 975 976 977 978 979 980 981 982 983 984 985 986 987 988 988 0 
0016: 993 971 972 973 974 975 976 977 978 979 980 981 982 983 984 985 986 987 987 0 
0017: 0 0 0 0 0 0 0 0 0 0 0 0 0 0 0 0 0 0 0 0 
x 15 y 8 z 991
8 15
rect x 1 y 0 h 2 w 1
Plateau 15 17: x: 17 y: 15
    01234567890123456
000 ...............OO
001 ...............OO
002 .............OOOO
003 .............OOOO
004 ..............OOO
005 ............O.OOO
006 .........OOOOOOXX
007 .....O.OOOOOOXXXX
008 ..OOOOOOOOXXXXXXX
009 ......OOOOXXXXXXX
010 ......OOOXXXXXXXX
011 ......OOOXXXXXXX.
012 ......OOXXXXXXXX.
013 .....OOOOXXXXXXX.
014 .....OOOOOOOOO...
Piece 2 2: x: 2 y: 2
.*
.*
size x: 20, y: 17
0000: 0 982 983 984 985 986 987 988 989 990 991 992 993 994 995 996 997 998 999 0 
0001: 982 983 984 985 986 987 988 989 990 991 992 993 994 995 996 997 998 999 1000 0 
0002: 982 983 984 985 986 987 988 989 990 991 992 993 994 995 996 997 998 999 1000 0 
0003: 984 985 986 987 988 989 990 991 992 993 994 995 996 997 998 999 1000 1000 1000 0 
0004: 984 985 986 987 988 989 990 991 992 993 994 995 996 997 998 999 1000 1000 1000 0 
0005: 983 984 985 986 987 988 989 990 991 992 993 994 995 996 997 998 999 1000 1000 0 
0006: 985 986 987 988 989 990 991 992 993 994 995 996 997 998 999 1000 1000 999 998 0 
0007: 988 989 990 991 992 993 994 995 996 997 998 999 1000 1000 1000 1000 1000 1000 1000 0 
0008: 992 993 994 995 996 997 998 999 1000 1000 999 998 997 996 995 994 993 992 991 0 
0009: 995 996 997 998 999 1000 1000 1000 1000 1000 1000 1000 1000 1000 999 998 997 996 995 0 
0010: 991 992 993 994 995 996 997 998 999 1000 1000 1000 1000 1000 999 998 997 996 995 0 
0011: 991 992 993 994 995 996 997 998 999 1000 1000 1000 1000 999 998 997 996 995 994 0 
0012: 991 992 993 994 995 996 997 998 999 1000 1000 1000 1000 999 998 997 996 995 994 0 
0013: 991 992 993 994 995 996 997 998 999 1000 1000 1000 999 998 997 996 995 994 993 0 
0014: 992 993 994 995 996 997 998 999 1000 1000 1000 1000 1000 999 998 997 996 995 994 0 
0015: 992 993 994 995 996 997 998 999 1000 1000 1000 1000 1000 1000 1000 1000 1000 1000 999 0 
0016: 0 0 0 0 0 0 0 0 0 0 0 0 0 0 0 0 0 0 0 0 
x 15 y 10 z 993
10 15
rect x 0 y 0 h 1 w 2
Plateau 15 17: x: 17 y: 15
    01234567890123456
000 ...............OO
001 ...............OO
002 .............OOOO
003 .............OOOO
004 ..............OOO
005 ............O.OOO
006 .........OOOOOOXX
007 .....O.OOOOOOXXXX
008 ..OOOOOOOOXXXXXXX
009 ......OOOOXXXXXXX
010 ......OOOXXXXXXXX
011 ......OOOXXXXXXXX
012 .....OOOXXXXXXXX.
013 .....OOOOXXXXXXX.
014 .....OOOOOOOOO...
Piece 2 2: x: 2 y: 2
**
..
size x: 19, y: 18
0000: 0 983 984 985 986 987 988 989 990 991 992 993 994 995 996 997 998 999 0 
0001: 983 984 985 986 987 988 989 990 991 992 993 994 995 996 997 998 999 1000 0 
0002: 983 984 985 986 987 988 989 990 991 992 993 994 995 996 997 998 999 1000 0 
0003: 985 986 987 988 989 990 991 992 993 994 995 996 997 998 999 1000 1000 1000 0 
0004: 985 986 987 988 989 990 991 992 993 994 995 996 997 998 999 1000 1000 1000 0 
0005: 984 985 986 987 988 989 990 991 992 993 994 995 996 997 998 999 1000 1000 0 
0006: 986 987 988 989 990 991 992 993 994 995 996 997 998 999 1000 1000 999 998 0 
0007: 989 990 991 992 993 994 995 996 997 998 999 1000 1000 1000 1000 1000 1000 1000 0 
0008: 993 994 995 996 997 998 999 1000 1000 999 998 997 996 995 994 993 992 991 0 
0009: 996 997 998 999 1000 1000 1000 1000 1000 1000 1000 1000 1000 999 998 997 996 995 0 
0010: 992 993 994 995 996 997 998 999 1000 1000 1000 1000 1000 999 998 997 996 995 0 
0011: 992 993 994 995 996 997 998 999 1000 1000 1000 1000 999 998 997 996 995 994 0 
0012: 992 993 994 995 996 997 998 999 1000 1000 1000 1000 999 998 997 996 995 994 0 
0013: 993 994 995 996 997 998 999 1000 1000 1000 1000 999 998 997 996 995 994 993 0 
0014: 993 994 995 996 997 998 999 1000 1000 1000 1000 1000 999 998 997 996 995 994 0 
0015: 993 994 995 996 997 998 999 1000 1000 1000 1000 1000 1000 1000 1000 1000 1000 999 0 
0016: 0 994 995 996 997 998 999 1000 1000 1000 1000 1000 1000 1000 1000 1000 1000 999 0 
0017: 0 0 0 0 0 0 0 0 0 0 0 0 0 0 0 0 0 0 0 
x 15 y 12 z 0
12 15
rect x 0 y 0 h 2 w 1
Plateau 15 17: x: 17 y: 15
    01234567890123456
000 ...............OO
001 ..............OOO
002 .............OOOO
003 .............OOOO
004 ..............OOO
005 ............O.OOO
006 .........OOOOOOXX
007 .....O.OOOOOOXXXX
008 ..OOOOOOOOXXXXXXX
009 ......OOOOXXXXXXX
010 ......OOOXXXXXXXX
011 ......OOOXXXXXXXX
012 .....OOOXXXXXXXXX
013 .....OOOOXXXXXXX.
014 .....OOOOOOOOO...
Piece 2 1: x: 1 y: 2
*
*
size x: 19, y: 17
0000: 0 983 984 985 986 987 988 989 990 991 992 993 994 995 996 997 998 999 0 
0001: 983 984 985 986 987 988 989 990 991 992 993 994 995 996 997 998 999 1000 0 
0002: 984 985 986 987 988 989 990 991 992 993 994 995 996 997 998 999 1000 1000 0 
0003: 985 986 987 988 989 990 991 992 993 994 995 996 997 998 999 1000 1000 1000 0 
0004: 985 986 987 988 989 990 991 992 993 994 995 996 997 998 999 1000 1000 1000 0 
0005: 984 985 986 987 988 989 990 991 992 993 994 995 996 997 998 999 1000 1000 0 
0006: 986 987 988 989 990 991 992 993 994 995 996 997 998 999 1000 1000 999 998 0 
0007: 989 990 991 992 993 994 995 996 997 998 999 1000 1000 1000 1000 1000 1000 1000 0 
0008: 993 994 995 996 997 998 999 1000 1000 999 998 997 996 995 994 993 992 991 0 
0009: 996 997 998 999 1000 1000 1000 1000 1000 1000 1000 1000 1000 999 998 997 996 995 0 
0010: 992 993 994 995 996 997 998 999 1000 1000 1000 1000 1000 999 998 997 996 995 0 
0011: 992 993 994 995 996 997 998 999 1000 1000 1000 1000 999 998 997 996 995 994 0 
0012: 992 993 994 995 996 997 998 999 1000 1000 1000 1000 999 998 997 996 995 994 0 
0013: 993 994 995 996 997 998 999 1000 1000 1000 1000 999 998 997 996 995 994 993 0 
0014: 993 994 995 996 997 998 999 1000 1000 1000 1000 1000 999 998 997 996 995 994 0 
0015: 993 994 995 996 997 998 999 1000 1000 1000 1000 1000 1000 1000 1000 1000 1000 999 0 
0016: 0 0 0 0 0 0 0 0 0 0 0 0 0 0 0 0 0 0 0 
x 16 y 12 z 0
12 16
rect x 0 y 0 h 2 w 2
Plateau 15 17: x: 17 y: 15
    01234567890123456
000 ...............OO
001 ..............OOO
002 .............OOOO
003 .............OOOO
004 ..............OOO
005 ............O.OOO
006 .........OOOOOOXX
007 .....O.OOOOOOXXXX
008 ..OOOOOOOOXXXXXXX
009 ......OOOOXXXXXXX
010 ......OOOXXXXXXXX
011 .....OOOOXXXXXXXX
012 .....OOOXXXXXXXXX
013 .....OOOOXXXXXXXX
014 .....OOOOOOOOO...
Piece 2 2: x: 2 y: 2
**
.*
size x: 19, y: 17
0000: 0 983 984 985 986 987 988 989 990 991 992 993 994 995 996 997 998 999 0 
0001: 983 984 985 986 987 988 989 990 991 992 993 994 995 996 997 998 999 1000 0 
0002: 984 985 986 987 988 989 990 991 992 993 994 995 996 997 998 999 1000 1000 0 
0003: 985 986 987 988 989 990 991 992 993 994 995 996 997 998 999 1000 1000 1000 0 
0004: 985 986 987 988 989 990 991 992 993 994 995 996 997 998 999 1000 1000 1000 0 
0005: 984 985 986 987 988 989 990 991 992 993 994 995 996 997 998 999 1000 1000 0 
0006: 986 987 988 989 990 991 992 993 994 995 996 997 998 999 1000 1000 999 998 0 
0007: 989 990 991 992 993 994 995 996 997 998 999 1000 1000 1000 1000 1000 1000 1000 0 
0008: 993 994 995 996 997 998 999 1000 1000 999 998 997 996 995 994 993 992 991 0 
0009: 996 997 998 999 1000 1000 1000 1000 1000 1000 1000 1000 1000 999 998 997 996 995 0 
0010: 992 993 994 995 996 997 998 999 1000 1000 1000 1000 1000 999 998 997 996 995 0 
0011: 992 993 994 995 996 997 998 999 1000 1000 1000 1000 999 998 997 996 995 994 0 
0012: 993 994 995 996 997 998 999 1000 1000 1000 1000 1000 999 998 997 996 995 994 0 
0013: 993 994 995 996 997 998 999 1000 1000 1000 1000 999 998 997 996 995 994 993 0 
0014: 993 994 995 996 997 998 999 1000 1000 1000 1000 1000 999 998 997 996 995 994 0 
0015: 993 994 995 996 997 998 999 1000 1000 1000 1000 1000 1000 1000 1000 1000 1000 999 0 
0016: 0 0 0 0 0 0 0 0 0 0 0 0 0 0 0 0 0 0 0 
x 0 y 0 z -1
0 0
