$$$ exec p1 : [../anestor.filler]
rect x 0 y 0 h 1 w 2
Plateau 15 17: x: 17 y: 15
    01234567890123456
000 .................
001 .................
002 .................
003 .................
004 .................
005 .................
006 .................
007 .................
008 ..O..............
009 .................
010 .................
011 .................
012 ..............X..
013 .................
014 .................
Piece 2 2: x: 2 y: 2
**
..
size x: 19, y: 18
0000: 500 479 478 477 476 475 474 473 472 471 470 469 468 467 466 465 464 463 482 
0001: 479 480 479 478 477 476 475 474 473 472 471 470 469 468 467 466 465 464 463 
0002: 460 461 460 459 458 457 456 455 454 453 452 451 450 449 448 447 446 445 444 
0003: 441 442 441 440 439 438 437 436 435 434 433 432 431 430 429 428 427 426 425 
0004: 422 423 422 421 420 419 418 417 416 415 414 413 412 411 410 409 408 407 406 
0005: 403 404 403 402 401 400 399 398 397 396 395 394 393 392 391 390 389 388 387 
0006: 384 385 384 383 382 381 380 379 378 377 376 375 374 373 372 371 370 369 368 
0007: 365 366 365 364 363 362 361 360 359 358 357 356 355 354 353 352 351 350 349 
0008: 346 347 346 345 344 343 342 341 340 339 338 337 336 335 334 333 332 331 330 
0009: 327 328 327 326 325 324 323 322 321 320 319 318 317 316 315 314 313 312 311 
0010: 308 309 308 307 306 305 304 303 302 301 300 299 298 297 296 295 294 293 292 
0011: 289 290 289 288 287 286 285 284 283 282 281 280 279 278 277 276 275 274 273 
0012: 270 271 270 269 268 267 266 265 264 263 262 261 260 259 258 257 256 255 254 
0013: 251 252 251 250 249 248 247 246 245 244 243 242 241 240 239 238 1237 236 235 
0014: 232 233 232 231 230 229 228 227 226 225 224 223 222 221 220 219 218 217 216 
0015: 213 214 213 212 211 210 209 208 207 206 205 204 203 202 201 200 199 198 197 
0016: 194 195 194 193 192 191 190 189 188 187 186 185 184 183 182 181 180 179 178 
0017: 177 176 175 174 173 172 171 170 169 168 167 166 165 164 163 162 161 160 159 
x 1 y 8 z 306
8 1
rect x 0 y 0 h 1 w 2
Plateau 15 17: x: 17 y: 15
    01234567890123456
000 .................
001 .................
002 .................
003 .................
004 .................
005 .................
006 .................
007 .................
008 .OO..............
009 .................
010 .................
011 .................
012 .............XX..
013 .................
014 .................
Piece 1 2: x: 2 y: 1
**
size x: 19, y: 17
0000: 500 479 478 477 476 475 474 473 472 471 470 469 468 467 466 465 464 463 482 
0001: 479 480 479 478 477 476 475 474 473 472 471 470 469 468 467 466 465 464 463 
0002: 460 461 460 459 458 457 456 455 454 453 452 451 450 449 448 447 446 445 444 
0003: 441 442 441 440 439 438 437 436 435 434 433 432 431 430 429 428 427 426 425 
0004: 422 423 422 421 420 419 418 417 416 415 414 413 412 411 410 409 408 407 406 
0005: 403 404 403 402 401 400 399 398 397 396 395 394 393 392 391 390 389 388 387 
0006: 384 385 384 383 382 381 380 379 378 377 376 375 374 373 372 371 370 369 368 
0007: 365 366 365 364 363 362 361 360 359 358 357 356 355 354 353 352 351 350 349 
0008: 346 347 346 345 344 343 342 341 340 339 338 337 336 335 334 333 332 331 330 
0009: 327 328 327 326 325 324 323 322 321 320 319 318 317 316 315 314 313 312 311 
0010: 308 309 308 307 306 305 304 303 302 301 300 299 298 297 296 295 294 293 292 
0011: 289 290 289 288 287 286 285 284 283 282 281 280 279 278 277 276 275 274 273 
0012: 270 271 270 269 268 267 266 265 264 263 262 261 260 259 258 257 256 255 254 
0013: 251 252 251 250 249 248 247 246 245 244 243 242 241 240 239 1238 1237 236 235 
0014: 232 233 232 231 230 229 228 227 226 225 224 223 222 221 220 219 218 217 216 
0015: 213 214 213 212 211 210 209 208 207 206 205 204 203 202 201 200 199 198 197 
0016: 196 195 194 193 192 191 190 189 188 187 186 185 184 183 182 181 180 179 178 
x 0 y 8 z 307
8 0
rect x 0 y 0 h 1 w 3
Plateau 15 17: x: 17 y: 15
    01234567890123456
000 .................
001 .................
002 .................
003 .................
004 .................
005 .................
006 .................
007 .................
008 OOO..............
009 .................
010 .................
011 .............X...
012 .............XX..
013 .................
014 .................
Piece 1 3: x: 3 y: 1
***
size x: 19, y: 17
0000: 500 479 478 477 476 475 474 473 472 471 470 469 468 467 466 465 464 463 482 
0001: 479 480 479 478 477 476 475 474 473 472 471 470 469 468 467 466 465 464 463 
0002: 460 461 460 459 458 457 456 455 454 453 452 451 450 449 448 447 446 445 444 
0003: 441 442 441 440 439 438 437 436 435 434 433 432 431 430 429 428 427 426 425 
0004: 422 423 422 421 420 419 418 417 416 415 414 413 412 411 410 409 408 407 406 
0005: 403 404 403 402 401 400 399 398 397 396 395 394 393 392 391 390 389 388 387 
0006: 384 385 384 383 382 381 380 379 378 377 376 375 374 373 372 371 370 369 368 
0007: 365 366 365 364 363 362 361 360 359 358 357 356 355 354 353 352 351 350 349 
0008: 346 347 346 345 344 343 342 341 340 339 338 337 336 335 334 333 332 331 330 
0009: 327 328 327 326 325 324 323 322 321 320 319 318 317 316 315 314 313 312 311 
0010: 308 309 308 307 306 305 304 303 302 301 300 299 298 297 296 295 294 293 292 
0011: 289 290 289 288 287 286 285 284 283 282 281 280 279 278 277 276 275 274 273 
0012: 270 271 270 269 268 267 266 265 264 263 262 261 260 259 258 1257 256 255 254 
0013: 251 252 251 250 249 248 247 246 245 244 243 242 241 240 239 1238 1237 236 235 
0014: 232 233 232 231 230 229 228 227 226 225 224 223 222 221 220 219 218 217 216 
0015: 213 214 213 212 211 210 209 208 207 206 205 204 203 202 201 200 199 198 197 
0016: 196 195 194 193 192 191 190 189 188 187 186 185 184 183 182 181 180 179 178 
x 2 y 8 z 304
8 2
rect x 0 y 0 h 1 w 2
Plateau 15 17: x: 17 y: 15
    01234567890123456
000 .................
001 .................
002 .................
003 .................
004 .................
005 .................
006 .................
007 .................
008 OOOOO............
009 .................
010 .................
011 ............XX...
012 .............XX..
013 .................
014 .................
Piece 2 2: x: 2 y: 2
**
..
size x: 19, y: 18
0000: 500 479 478 477 476 475 474 473 472 471 470 469 468 467 466 465 464 463 482 
0001: 479 480 479 478 477 476 475 474 473 472 471 470 469 468 467 466 465 464 463 
0002: 460 461 460 459 458 457 456 455 454 453 452 451 450 449 448 447 446 445 444 
0003: 441 442 441 440 439 438 437 436 435 434 433 432 431 430 429 428 427 426 425 
0004: 422 423 422 421 420 419 418 417 416 415 414 413 412 411 410 409 408 407 406 
0005: 403 404 403 402 401 400 399 398 397 396 395 394 393 392 391 390 389 388 387 
0006: 384 385 384 383 382 381 380 379 378 377 376 375 374 373 372 371 370 369 368 
0007: 365 366 365 364 363 362 361 360 359 358 357 356 355 354 353 352 351 350 349 
0008: 346 347 346 345 344 343 342 341 340 339 338 337 336 335 334 333 332 331 330 
0009: 327 328 327 326 325 324 323 322 321 320 319 318 317 316 315 314 313 312 311 
0010: 308 309 308 307 306 305 304 303 302 301 300 299 298 297 296 295 294 293 292 
0011: 289 290 289 288 287 286 285 284 283 282 281 280 279 278 277 276 275 274 273 
0012: 270 271 270 269 268 267 266 265 264 263 262 261 260 259 1258 1257 256 255 254 
0013: 251 252 251 250 249 248 247 246 245 244 243 242 241 240 239 1238 1237 236 235 
0014: 232 233 232 231 230 229 228 227 226 225 224 223 222 221 220 219 218 217 216 
0015: 213 214 213 212 211 210 209 208 207 206 205 204 203 202 201 200 199 198 197 
0016: 194 195 194 193 192 191 190 189 188 187 186 185 184 183 182 181 180 179 178 
0017: 177 176 175 174 173 172 171 170 169 168 167 166 165 164 163 162 161 160 159 
x 4 y 8 z 303
8 4
rect x 0 y 0 h 2 w 1
Plateau 15 17: x: 17 y: 15
    01234567890123456
000 .................
001 .................
002 .................
003 .................
004 .................
005 .................
006 .................
007 .................
008 OOOOOO...........
009 .................
010 .................
011 ...........XXX...
012 .............XX..
013 .................
014 .................
Piece 2 2: x: 2 y: 2
*.
*.
size x: 20, y: 17
0000: 500 478 477 476 475 474 473 472 471 470 469 468 467 466 465 464 463 462 461 481 
0001: 478 479 478 477 476 475 474 473 472 471 470 469 468 467 466 465 464 463 462 461 
0002: 458 459 458 457 456 455 454 453 452 451 450 449 448 447 446 445 444 443 442 441 
0003: 438 439 438 437 436 435 434 433 432 431 430 429 428 427 426 425 424 423 422 421 
0004: 418 419 418 417 416 415 414 413 412 411 410 409 408 407 406 405 404 403 402 401 
0005: 398 399 398 397 396 395 394 393 392 391 390 389 388 387 386 385 384 383 382 381 
0006: 378 379 378 377 376 375 374 373 372 371 370 369 368 367 366 365 364 363 362 361 
0007: 358 359 358 357 356 355 354 353 352 351 350 349 348 347 346 345 344 343 342 341 
0008: 338 339 338 337 336 335 334 333 332 331 330 329 328 327 326 325 324 323 322 321 
0009: 318 319 318 317 316 315 314 313 312 311 310 309 308 307 306 305 304 303 302 301 
0010: 298 299 298 297 296 295 294 293 292 291 290 289 288 287 286 285 284 283 282 281 
0011: 278 279 278 277 276 275 274 273 272 271 270 269 268 267 266 265 264 263 262 261 
0012: 258 259 258 257 256 255 254 253 252 251 250 249 248 1247 1246 1245 244 243 242 241 
0013: 238 239 238 237 236 235 234 233 232 231 230 229 228 227 226 1225 1224 223 222 221 
0014: 218 219 218 217 216 215 214 213 212 211 210 209 208 207 206 205 204 203 202 201 
0015: 198 199 198 197 196 195 194 193 192 191 190 189 188 187 186 185 184 183 182 181 
0016: 180 179 178 177 176 175 174 173 172 171 170 169 168 167 166 165 164 163 162 161 
x 0 y 7 z 298
7 0
rect x 0 y 0 h 1 w 2
Plateau 15 17: x: 17 y: 15
    01234567890123456
000 .................
001 .................
002 .................
003 .................
004 .................
005 .................
006 .................
007 O................
008 OOOOOO...........
009 .................
010 ...........X.....
011 ...........XXX...
012 .............XX..
013 .................
014 .................
Piece 1 2: x: 2 y: 1
**
size x: 19, y: 17
0000: 500 479 478 477 476 475 474 473 472 471 470 469 468 467 466 465 464 463 482 
0001: 479 480 479 478 477 476 475 474 473 472 471 470 469 468 467 466 465 464 463 
0002: 460 461 460 459 458 457 456 455 454 453 452 451 450 449 448 447 446 445 444 
0003: 441 442 441 440 439 438 437 436 435 434 433 432 431 430 429 428 427 426 425 
0004: 422 423 422 421 420 419 418 417 416 415 414 413 412 411 410 409 408 407 406 
0005: 403 404 403 402 401 400 399 398 397 396 395 394 393 392 391 390 389 388 387 
0006: 384 385 384 383 382 381 380 379 378 377 376 375 374 373 372 371 370 369 368 
0007: 365 366 365 364 363 362 361 360 359 358 357 356 355 354 353 352 351 350 349 
0008: 346 347 346 345 344 343 342 341 340 339 338 337 336 335 334 333 332 331 330 
0009: 327 328 327 326 325 324 323 322 321 320 319 318 317 316 315 314 313 312 311 
0010: 308 309 308 307 306 305 304 303 302 301 300 299 298 297 296 295 294 293 292 
0011: 289 290 289 288 287 286 285 284 283 282 281 280 279 1278 277 276 275 274 273 
0012: 270 271 270 269 268 267 266 265 264 263 262 261 260 1259 1258 1257 256 255 254 
0013: 251 252 251 250 249 248 247 246 245 244 243 242 241 240 239 1238 1237 236 235 
0014: 232 233 232 231 230 229 228 227 226 225 224 223 222 221 220 219 218 217 216 
0015: 213 214 213 212 211 210 209 208 207 206 205 204 203 202 201 200 199 198 197 
0016: 196 195 194 193 192 191 190 189 188 187 186 185 184 183 182 181 180 179 178 
x 0 y 7 z 326
7 0
rect x 0 y 0 h 1 w 2
Plateau 15 17: x: 17 y: 15
    01234567890123456
000 .................
001 .................
002 .................
003 .................
004 .................
005 .................
006 .................
007 OO...............
008 OOOOOO...........
009 ..........XX.....
010 ..........XX.....
011 ...........XXX...
012 .............XX..
013 .................
014 .................
Piece 1 2: x: 2 y: 1
**
size x: 19, y: 17
0000: 500 479 478 477 476 475 474 473 472 471 470 469 468 467 466 465 464 463 482 
0001: 479 480 479 478 477 476 475 474 473 472 471 470 469 468 467 466 465 464 463 
0002: 460 461 460 459 458 457 456 455 454 453 452 451 450 449 448 447 446 445 444 
0003: 441 442 441 440 439 438 437 436 435 434 433 432 431 430 429 428 427 426 425 
0004: 422 423 422 421 420 419 418 417 416 415 414 413 412 411 410 409 408 407 406 
0005: 403 404 403 402 401 400 399 398 397 396 395 394 393 392 391 390 389 388 387 
0006: 384 385 384 383 382 381 380 379 378 377 376 375 374 373 372 371 370 369 368 
0007: 365 366 365 364 363 362 361 360 359 358 357 356 355 354 353 352 351 350 349 
0008: 346 347 346 345 344 343 342 341 340 339 338 337 336 335 334 333 332 331 330 
0009: 327 328 327 326 325 324 323 322 321 320 319 318 317 316 315 314 313 312 311 
0010: 308 309 308 307 306 305 304 303 302 301 300 299 1298 1297 296 295 294 293 292 
0011: 289 290 289 288 287 286 285 284 283 282 281 280 1279 1278 277 276 275 274 273 
0012: 270 271 270 269 268 267 266 265 264 263 262 261 260 1259 1258 1257 256 255 254 
0013: 251 252 251 250 249 248 247 246 245 244 243 242 241 240 239 1238 1237 236 235 
0014: 232 233 232 231 230 229 228 227 226 225 224 223 222 221 220 219 218 217 216 
0015: 213 214 213 212 211 210 209 208 207 206 205 204 203 202 201 200 199 198 197 
0016: 196 195 194 193 192 191 190 189 188 187 186 185 184 183 182 181 180 179 178 
x 1 y 7 z 325
7 1
rect x 0 y 0 h 2 w 1
Plateau 15 17: x: 17 y: 15
    01234567890123456
000 .................
001 .................
002 .................
003 .................
004 .................
005 .................
006 .................
007 OOO..............
008 OOOOOO....X......
009 ..........XX.....
010 ..........XX.....
011 ...........XXX...
012 .............XX..
013 .................
014 .................
Piece 2 1: x: 1 y: 2
*
*
size x: 19, y: 17
0000: 500 479 478 477 476 475 474 473 472 471 470 469 468 467 466 465 464 463 482 
0001: 479 480 479 478 477 476 475 474 473 472 471 470 469 468 467 466 465 464 463 
0002: 460 461 460 459 458 457 456 455 454 453 452 451 450 449 448 447 446 445 444 
0003: 441 442 441 440 439 438 437 436 435 434 433 432 431 430 429 428 427 426 425 
0004: 422 423 422 421 420 419 418 417 416 415 414 413 412 411 410 409 408 407 406 
0005: 403 404 403 402 401 400 399 398 397 396 395 394 393 392 391 390 389 388 387 
0006: 384 385 384 383 382 381 380 379 378 377 376 375 374 373 372 371 370 369 368 
0007: 365 366 365 364 363 362 361 360 359 358 357 356 355 354 353 352 351 350 349 
0008: 346 347 346 345 344 343 342 341 340 339 338 337 336 335 334 333 332 331 330 
0009: 327 328 327 326 325 324 323 322 321 320 319 318 1317 316 315 314 313 312 311 
0010: 308 309 308 307 306 305 304 303 302 301 300 299 1298 1297 296 295 294 293 292 
0011: 289 290 289 288 287 286 285 284 283 282 281 280 1279 1278 277 276 275 274 273 
0012: 270 271 270 269 268 267 266 265 264 263 262 261 260 1259 1258 1257 256 255 254 
0013: 251 252 251 250 249 248 247 246 245 244 243 242 241 240 239 1238 1237 236 235 
0014: 232 233 232 231 230 229 228 227 226 225 224 223 222 221 220 219 218 217 216 
0015: 213 214 213 212 211 210 209 208 207 206 205 204 203 202 201 200 199 198 197 
0016: 196 195 194 193 192 191 190 189 188 187 186 185 184 183 182 181 180 179 178 
x 0 y 6 z 327
6 0
rect x 0 y 0 h 1 w 2
Plateau 15 17: x: 17 y: 15
    01234567890123456
000 .................
001 .................
002 .................
003 .................
004 .................
005 .................
006 O................
007 OOO.......X......
008 OOOOOO...XX......
009 ..........XX.....
010 ..........XX.....
011 ...........XXX...
012 .............XX..
013 .................
014 .................
Piece 1 2: x: 2 y: 1
**
size x: 19, y: 17
0000: 500 479 478 477 476 475 474 473 472 471 470 469 468 467 466 465 464 463 482 
0001: 479 480 479 478 477 476 475 474 473 472 471 470 469 468 467 466 465 464 463 
0002: 460 461 460 459 458 457 456 455 454 453 452 451 450 449 448 447 446 445 444 
0003: 441 442 441 440 439 438 437 436 435 434 433 432 431 430 429 428 427 426 425 
0004: 422 423 422 421 420 419 418 417 416 415 414 413 412 411 410 409 408 407 406 
0005: 403 404 403 402 401 400 399 398 397 396 395 394 393 392 391 390 389 388 387 
0006: 384 385 384 383 382 381 380 379 378 377 376 375 374 373 372 371 370 369 368 
0007: 365 366 365 364 363 362 361 360 359 358 357 356 355 354 353 352 351 350 349 
0008: 346 347 346 345 344 343 342 341 340 339 338 337 1336 335 334 333 332 331 330 
0009: 327 328 327 326 325 324 323 322 321 320 319 1318 1317 316 315 314 313 312 311 
0010: 308 309 308 307 306 305 304 303 302 301 300 299 1298 1297 296 295 294 293 292 
0011: 289 290 289 288 287 286 285 284 283 282 281 280 1279 1278 277 276 275 274 273 
0012: 270 271 270 269 268 267 266 265 264 263 262 261 260 1259 1258 1257 256 255 254 
0013: 251 252 251 250 249 248 247 246 245 244 243 242 241 240 239 1238 1237 236 235 
0014: 232 233 232 231 230 229 228 227 226 225 224 223 222 221 220 219 218 217 216 
0015: 213 214 213 212 211 210 209 208 207 206 205 204 203 202 201 200 199 198 197 
0016: 196 195 194 193 192 191 190 189 188 187 186 185 184 183 182 181 180 179 178 
x 0 y 6 z 345
6 0
rect x 0 y 0 h 2 w 3
Plateau 15 17: x: 17 y: 15
    01234567890123456
000 .................
001 .................
002 .................
003 .................
004 .................
005 .................
006 OO........X......
007 OOO.......X......
008 OOOOOO...XX......
009 ..........XX.....
010 ..........XX.....
011 ...........XXX...
012 .............XX..
013 .................
014 .................
Piece 2 3: x: 3 y: 2
***
**.
size x: 19, y: 17
0000: 500 479 478 477 476 475 474 473 472 471 470 469 468 467 466 465 464 463 482 
0001: 479 480 479 478 477 476 475 474 473 472 471 470 469 468 467 466 465 464 463 
0002: 460 461 460 459 458 457 456 455 454 453 452 451 450 449 448 447 446 445 444 
0003: 441 442 441 440 439 438 437 436 435 434 433 432 431 430 429 428 427 426 425 
0004: 422 423 422 421 420 419 418 417 416 415 414 413 412 411 410 409 408 407 406 
0005: 403 404 403 402 401 400 399 398 397 396 395 394 393 392 391 390 389 388 387 
0006: 384 385 384 383 382 381 380 379 378 377 376 375 374 373 372 371 370 369 368 
0007: 365 366 365 364 363 362 361 360 359 358 357 356 1355 354 353 352 351 350 349 
0008: 346 347 346 345 344 343 342 341 340 339 338 337 1336 335 334 333 332 331 330 
0009: 327 328 327 326 325 324 323 322 321 320 319 1318 1317 316 315 314 313 312 311 
0010: 308 309 308 307 306 305 304 303 302 301 300 299 1298 1297 296 295 294 293 292 
0011: 289 290 289 288 287 286 285 284 283 282 281 280 1279 1278 277 276 275 274 273 
0012: 270 271 270 269 268 267 266 265 264 263 262 261 260 1259 1258 1257 256 255 254 
0013: 251 252 251 250 249 248 247 246 245 244 243 242 241 240 239 1238 1237 236 235 
0014: 232 233 232 231 230 229 228 227 226 225 224 223 222 221 220 219 218 217 216 
0015: 213 214 213 212 211 210 209 208 207 206 205 204 203 202 201 200 199 198 197 
0016: 196 195 194 193 192 191 190 189 188 187 186 185 184 183 182 181 180 179 178 
x 1 y 5 z 343
5 1
rect x 0 y 0 h 2 w 1
Plateau 15 17: x: 17 y: 15
    01234567890123456
000 .................
001 .................
002 .................
003 .................
004 .................
005 .OOO.............
006 OOO......XX......
007 OOO.......X......
008 OOOOOO...XX......
009 ..........XX.....
010 ..........XX.....
011 ...........XXX...
012 .............XX..
013 .................
014 .................
Piece 2 1: x: 1 y: 2
*
*
size x: 19, y: 17
0000: 500 479 478 477 476 475 474 473 472 471 470 469 468 467 466 465 464 463 482 
0001: 479 480 479 478 477 476 475 474 473 472 471 470 469 468 467 466 465 464 463 
0002: 460 461 460 459 458 457 456 455 454 453 452 451 450 449 448 447 446 445 444 
0003: 441 442 441 440 439 438 437 436 435 434 433 432 431 430 429 428 427 426 425 
0004: 422 423 422 421 420 419 418 417 416 415 414 413 412 411 410 409 408 407 406 
0005: 403 404 403 402 401 400 399 398 397 396 395 394 393 392 391 390 389 388 387 
0006: 384 385 384 383 382 381 380 379 378 377 376 375 374 373 372 371 370 369 368 
0007: 365 366 365 364 363 362 361 360 359 358 357 1356 1355 354 353 352 351 350 349 
0008: 346 347 346 345 344 343 342 341 340 339 338 337 1336 335 334 333 332 331 330 
0009: 327 328 327 326 325 324 323 322 321 320 319 1318 1317 316 315 314 313 312 311 
0010: 308 309 308 307 306 305 304 303 302 301 300 299 1298 1297 296 295 294 293 292 
0011: 289 290 289 288 287 286 285 284 283 282 281 280 1279 1278 277 276 275 274 273 
0012: 270 271 270 269 268 267 266 265 264 263 262 261 260 1259 1258 1257 256 255 254 
0013: 251 252 251 250 249 248 247 246 245 244 243 242 241 240 239 1238 1237 236 235 
0014: 232 233 232 231 230 229 228 227 226 225 224 223 222 221 220 219 218 217 216 
0015: 213 214 213 212 211 210 209 208 207 206 205 204 203 202 201 200 199 198 197 
0016: 196 195 194 193 192 191 190 189 188 187 186 185 184 183 182 181 180 179 178 
x 1 y 4 z 364
4 1
rect x 0 y 0 h 2 w 3
Plateau 15 17: x: 17 y: 15
    01234567890123456
000 .................
001 .................
002 .................
003 .................
004 .O...............
005 .OOO.............
006 OOO.....XXX......
007 OOO.......X......
008 OOOOOO...XX......
009 ..........XX.....
010 ..........XX.....
011 ...........XXX...
012 .............XX..
013 .................
014 .................
Piece 2 3: x: 3 y: 2
**.
.**
size x: 19, y: 17
0000: 500 479 478 477 476 475 474 473 472 471 470 469 468 467 466 465 464 463 482 
0001: 479 480 479 478 477 476 475 474 473 472 471 470 469 468 467 466 465 464 463 
0002: 460 461 460 459 458 457 456 455 454 453 452 451 450 449 448 447 446 445 444 
0003: 441 442 441 440 439 438 437 436 435 434 433 432 431 430 429 428 427 426 425 
0004: 422 423 422 421 420 419 418 417 416 415 414 413 412 411 410 409 408 407 406 
0005: 403 404 403 402 401 400 399 398 397 396 395 394 393 392 391 390 389 388 387 
0006: 384 385 384 383 382 381 380 379 378 377 376 375 374 373 372 371 370 369 368 
0007: 365 366 365 364 363 362 361 360 359 358 1357 1356 1355 354 353 352 351 350 349 
0008: 346 347 346 345 344 343 342 341 340 339 338 337 1336 335 334 333 332 331 330 
0009: 327 328 327 326 325 324 323 322 321 320 319 1318 1317 316 315 314 313 312 311 
0010: 308 309 308 307 306 305 304 303 302 301 300 299 1298 1297 296 295 294 293 292 
0011: 289 290 289 288 287 286 285 284 283 282 281 280 1279 1278 277 276 275 274 273 
0012: 270 271 270 269 268 267 266 265 264 263 262 261 260 1259 1258 1257 256 255 254 
0013: 251 252 251 250 249 248 247 246 245 244 243 242 241 240 239 1238 1237 236 235 
0014: 232 233 232 231 230 229 228 227 226 225 224 223 222 221 220 219 218 217 216 
0015: 213 214 213 212 211 210 209 208 207 206 205 204 203 202 201 200 199 198 197 
0016: 196 195 194 193 192 191 190 189 188 187 186 185 184 183 182 181 180 179 178 
x 0 y 3 z 382
3 0
rect x 0 y 0 h 2 w 2
Plateau 15 17: x: 17 y: 15
    01234567890123456
000 .................
001 .................
002 .................
003 OO...............
004 .OO..............
005 .OOO.............
006 OOO...XXXXX......
007 OOO.......X......
008 OOOOOO...XX......
009 ..........XX.....
010 ..........XX.....
011 ...........XXX...
012 .............XX..
013 .................
014 .................
Piece 2 2: x: 2 y: 2
**
*.
size x: 19, y: 17
0000: 500 479 478 477 476 475 474 473 472 471 470 469 468 467 466 465 464 463 482 
0001: 479 480 479 478 477 476 475 474 473 472 471 470 469 468 467 466 465 464 463 
0002: 460 461 460 459 458 457 456 455 454 453 452 451 450 449 448 447 446 445 444 
0003: 441 442 441 440 439 438 437 436 435 434 433 432 431 430 429 428 427 426 425 
0004: 422 423 422 421 420 419 418 417 416 415 414 413 412 411 410 409 408 407 406 
0005: 403 404 403 402 401 400 399 398 397 396 395 394 393 392 391 390 389 388 387 
0006: 384 385 384 383 382 381 380 379 378 377 376 375 374 373 372 371 370 369 368 
0007: 365 366 365 364 363 362 361 360 1359 1358 1357 1356 1355 354 353 352 351 350 349 
0008: 346 347 346 345 344 343 342 341 340 339 338 337 1336 335 334 333 332 331 330 
0009: 327 328 327 326 325 324 323 322 321 320 319 1318 1317 316 315 314 313 312 311 
0010: 308 309 308 307 306 305 304 303 302 301 300 299 1298 1297 296 295 294 293 292 
0011: 289 290 289 288 287 286 285 284 283 282 281 280 1279 1278 277 276 275 274 273 
0012: 270 271 270 269 268 267 266 265 264 263 262 261 260 1259 1258 1257 256 255 254 
0013: 251 252 251 250 249 248 247 246 245 244 243 242 241 240 239 1238 1237 236 235 
0014: 232 233 232 231 230 229 228 227 226 225 224 223 222 221 220 219 218 217 216 
0015: 213 214 213 212 211 210 209 208 207 206 205 204 203 202 201 200 199 198 197 
0016: 196 195 194 193 192 191 190 189 188 187 186 185 184 183 182 181 180 179 178 
x 0 y 2 z 402
2 0
rect x 0 y 0 h 2 w 1
Plateau 15 17: x: 17 y: 15
    01234567890123456
000 .................
001 .................
002 OO...............
003 OO...............
004 .OO..............
005 .OOO..X..........
006 OOO..XXXXXX......
007 OOO.......X......
008 OOOOOO...XX......
009 ..........XX.....
010 ..........XX.....
011 ...........XXX...
012 .............XX..
013 .................
014 .................
Piece 2 1: x: 1 y: 2
*
*
size x: 19, y: 17
0000: 500 479 478 477 476 475 474 473 472 471 470 469 468 467 466 465 464 463 482 
0001: 479 480 479 478 477 476 475 474 473 472 471 470 469 468 467 466 465 464 463 
0002: 460 461 460 459 458 457 456 455 454 453 452 451 450 449 448 447 446 445 444 
0003: 441 442 441 440 439 438 437 436 435 434 433 432 431 430 429 428 427 426 425 
0004: 422 423 422 421 420 419 418 417 416 415 414 413 412 411 410 409 408 407 406 
0005: 403 404 403 402 401 400 399 398 397 396 395 394 393 392 391 390 389 388 387 
0006: 384 385 384 383 382 381 380 379 1378 377 376 375 374 373 372 371 370 369 368 
0007: 365 366 365 364 363 362 361 1360 1359 1358 1357 1356 1355 354 353 352 351 350 349 
0008: 346 347 346 345 344 343 342 341 340 339 338 337 1336 335 334 333 332 331 330 
0009: 327 328 327 326 325 324 323 322 321 320 319 1318 1317 316 315 314 313 312 311 
0010: 308 309 308 307 306 305 304 303 302 301 300 299 1298 1297 296 295 294 293 292 
0011: 289 290 289 288 287 286 285 284 283 282 281 280 1279 1278 277 276 275 274 273 
0012: 270 271 270 269 268 267 266 265 264 263 262 261 260 1259 1258 1257 256 255 254 
0013: 251 252 251 250 249 248 247 246 245 244 243 242 241 240 239 1238 1237 236 235 
0014: 232 233 232 231 230 229 228 227 226 225 224 223 222 221 220 219 218 217 216 
0015: 213 214 213 212 211 210 209 208 207 206 205 204 203 202 201 200 199 198 197 
0016: 196 195 194 193 192 191 190 189 188 187 186 185 184 183 182 181 180 179 178 
x 0 y 1 z 422
1 0
rect x 0 y 0 h 2 w 1
Plateau 15 17: x: 17 y: 15
    01234567890123456
000 .................
001 O................
002 OO...............
003 OO...............
004 .OO..............
005 .OOO.XX..........
006 OOO..XXXXXX......
007 OOO.......X......
008 OOOOOO...XX......
009 ..........XX.....
010 ..........XX.....
011 ...........XXX...
012 .............XX..
013 .................
014 .................
Piece 2 3: x: 3 y: 2
*..
*..
size x: 21, y: 17
0000: 500 477 476 475 474 473 472 471 470 469 468 467 466 465 464 463 462 461 460 459 480 
0001: 477 478 477 476 475 474 473 472 471 470 469 468 467 466 465 464 463 462 461 460 459 
0002: 456 457 456 455 454 453 452 451 450 449 448 447 446 445 444 443 442 441 440 439 438 
0003: 435 436 435 434 433 432 431 430 429 428 427 426 425 424 423 422 421 420 419 418 417 
0004: 414 415 414 413 412 411 410 409 408 407 406 405 404 403 402 401 400 399 398 397 396 
0005: 393 394 393 392 391 390 389 388 387 386 385 384 383 382 381 380 379 378 377 376 375 
0006: 372 373 372 371 370 369 368 1367 1366 365 364 363 362 361 360 359 358 357 356 355 354 
0007: 351 352 351 350 349 348 347 1346 1345 1344 1343 1342 1341 340 339 338 337 336 335 334 333 
0008: 330 331 330 329 328 327 326 325 324 323 322 321 1320 319 318 317 316 315 314 313 312 
0009: 309 310 309 308 307 306 305 304 303 302 301 1300 1299 298 297 296 295 294 293 292 291 
0010: 288 289 288 287 286 285 284 283 282 281 280 279 1278 1277 276 275 274 273 272 271 270 
0011: 267 268 267 266 265 264 263 262 261 260 259 258 1257 1256 255 254 253 252 251 250 249 
0012: 246 247 246 245 244 243 242 241 240 239 238 237 236 1235 1234 1233 232 231 230 229 228 
0013: 225 226 225 224 223 222 221 220 219 218 217 216 215 214 213 1212 1211 210 209 208 207 
0014: 204 205 204 203 202 201 200 199 198 197 196 195 194 193 192 191 190 189 188 187 186 
0015: 183 184 183 182 181 180 179 178 177 176 175 174 173 172 171 170 169 168 167 166 165 
0016: 164 163 162 161 160 159 158 157 156 155 154 153 152 151 150 149 148 147 146 145 144 
x 0 y 0 z 435
0 0
rect x 1 y 0 h 2 w 2
Plateau 15 17: x: 17 y: 15
    01234567890123456
000 O................
001 O................
002 OO...............
003 OO...............
004 .OO..X...........
005 .OOO.XX..........
006 OOO..XXXXXX......
007 OOO.......X......
008 OOOOOO...XX......
009 ..........XX.....
010 ..........XX.....
011 ...........XXX...
012 .............XX..
013 .................
014 .................
Piece 2 3: x: 3 y: 2
.*.
.**
size x: 20, y: 17
0000: 500 478 477 476 475 474 473 472 471 470 469 468 467 466 465 464 463 462 461 481 
0001: 478 479 478 477 476 475 474 473 472 471 470 469 468 467 466 465 464 463 462 461 
0002: 458 459 458 457 456 455 454 453 452 451 450 449 448 447 446 445 444 443 442 441 
0003: 438 439 438 437 436 435 434 433 432 431 430 429 428 427 426 425 424 423 422 421 
0004: 418 419 418 417 416 415 414 413 412 411 410 409 408 407 406 405 404 403 402 401 
0005: 398 399 398 397 396 395 394 393 1392 391 390 389 388 387 386 385 384 383 382 381 
0006: 378 379 378 377 376 375 374 373 1372 1371 370 369 368 367 366 365 364 363 362 361 
0007: 358 359 358 357 356 355 354 353 1352 1351 1350 1349 1348 1347 346 345 344 343 342 341 
0008: 338 339 338 337 336 335 334 333 332 331 330 329 328 1327 326 325 324 323 322 321 
0009: 318 319 318 317 316 315 314 313 312 311 310 309 1308 1307 306 305 304 303 302 301 
0010: 298 299 298 297 296 295 294 293 292 291 290 289 288 1287 1286 285 284 283 282 281 
0011: 278 279 278 277 276 275 274 273 272 271 270 269 268 1267 1266 265 264 263 262 261 
0012: 258 259 258 257 256 255 254 253 252 251 250 249 248 247 1246 1245 1244 243 242 241 
0013: 238 239 238 237 236 235 234 233 232 231 230 229 228 227 226 225 1224 1223 222 221 
0014: 218 219 218 217 216 215 214 213 212 211 210 209 208 207 206 205 204 203 202 201 
0015: 198 199 198 197 196 195 194 193 192 191 190 189 188 187 186 185 184 183 182 181 
0016: 180 179 178 177 176 175 174 173 172 171 170 169 168 167 166 165 164 163 162 161 
x 0 y 1 z 416
1 0
rect x 0 y 0 h 1 w 2
Plateau 15 17: x: 17 y: 15
    01234567890123456
000 O................
001 OO...............
002 OOO..............
003 OO...X...........
004 .OO..X...........
005 .OOO.XX..........
006 OOO..XXXXXX......
007 OOO.......X......
008 OOOOOO...XX......
009 ..........XX.....
010 ..........XX.....
011 ...........XXX...
012 .............XX..
013 .................
014 .................
Piece 2 3: x: 3 y: 2
**.
...
size x: 20, y: 18
0000: 500 478 477 476 475 474 473 472 471 470 469 468 467 466 465 464 463 462 461 481 
0001: 478 479 478 477 476 475 474 473 472 471 470 469 468 467 466 465 464 463 462 461 
0002: 458 459 458 457 456 455 454 453 452 451 450 449 448 447 446 445 444 443 442 441 
0003: 438 439 438 437 436 435 434 433 432 431 430 429 428 427 426 425 424 423 422 421 
0004: 418 419 418 417 416 415 414 1413 412 411 410 409 408 407 406 405 404 403 402 401 
0005: 398 399 398 397 396 395 394 1393 392 391 390 389 388 387 386 385 384 383 382 381 
0006: 378 379 378 377 376 375 374 1373 1372 371 370 369 368 367 366 365 364 363 362 361 
0007: 358 359 358 357 356 355 354 1353 1352 1351 1350 1349 1348 347 346 345 344 343 342 341 
0008: 338 339 338 337 336 335 334 333 332 331 330 329 1328 327 326 325 324 323 322 321 
0009: 318 319 318 317 316 315 314 313 312 311 310 1309 1308 307 306 305 304 303 302 301 
0010: 298 299 298 297 296 295 294 293 292 291 290 289 1288 1287 286 285 284 283 282 281 
0011: 278 279 278 277 276 275 274 273 272 271 270 269 1268 1267 266 265 264 263 262 261 
0012: 258 259 258 257 256 255 254 253 252 251 250 249 248 1247 1246 1245 244 243 242 241 
0013: 238 239 238 237 236 235 234 233 232 231 230 229 228 227 226 1225 1224 223 222 221 
0014: 218 219 218 217 216 215 214 213 212 211 210 209 208 207 206 205 204 203 202 201 
0015: 198 199 198 197 196 195 194 193 192 191 190 189 188 187 186 185 184 183 182 181 
0016: 178 179 178 177 176 175 174 173 172 171 170 169 168 167 166 165 164 163 162 161 
0017: 160 159 158 157 156 155 154 153 152 151 150 149 148 147 146 145 144 143 142 141 
x 0 y 0 z 457
0 0
rect x 0 y 0 h 1 w 2
Plateau 15 17: x: 17 y: 15
    01234567890123456
000 OO...............
001 OO...............
002 OOO.XX...........
003 OO...X...........
004 .OO..X...........
005 .OOO.XX..........
006 OOO..XXXXXX......
007 OOO.......X......
008 OOOOOO...XX......
009 ..........XX.....
010 ..........XX.....
011 ...........XXX...
012 .............XX..
013 .................
014 .................
Piece 1 2: x: 2 y: 1
**
size x: 19, y: 17
0000: 500 479 478 477 476 475 474 473 472 471 470 469 468 467 466 465 464 463 482 
0001: 479 480 479 478 477 476 475 474 473 472 471 470 469 468 467 466 465 464 463 
0002: 460 461 460 459 458 457 456 455 454 453 452 451 450 449 448 447 446 445 444 
0003: 441 442 441 440 439 438 1437 1436 435 434 433 432 431 430 429 428 427 426 425 
0004: 422 423 422 421 420 419 418 1417 416 415 414 413 412 411 410 409 408 407 406 
0005: 403 404 403 402 401 400 399 1398 397 396 395 394 393 392 391 390 389 388 387 
0006: 384 385 384 383 382 381 380 1379 1378 377 376 375 374 373 372 371 370 369 368 
0007: 365 366 365 364 363 362 361 1360 1359 1358 1357 1356 1355 354 353 352 351 350 349 
0008: 346 347 346 345 344 343 342 341 340 339 338 337 1336 335 334 333 332 331 330 
0009: 327 328 327 326 325 324 323 322 321 320 319 1318 1317 316 315 314 313 312 311 
0010: 308 309 308 307 306 305 304 303 302 301 300 299 1298 1297 296 295 294 293 292 
0011: 289 290 289 288 287 286 285 284 283 282 281 280 1279 1278 277 276 275 274 273 
0012: 270 271 270 269 268 267 266 265 264 263 262 261 260 1259 1258 1257 256 255 254 
0013: 251 252 251 250 249 248 247 246 245 244 243 242 241 240 239 1238 1237 236 235 
0014: 232 233 232 231 230 229 228 227 226 225 224 223 222 221 220 219 218 217 216 
0015: 213 214 213 212 211 210 209 208 207 206 205 204 203 202 201 200 199 198 197 
0016: 196 195 194 193 192 191 190 189 188 187 186 185 184 183 182 181 180 179 178 
x 1 y 0 z 458
0 1
rect x 1 y 0 h 2 w 2
Plateau 15 17: x: 17 y: 15
    01234567890123456
000 OOO..............
001 OO...............
002 OOOXXX...........
003 OO...X...........
004 .OO..X...........
005 .OOO.XX..........
006 OOO..XXXXXX......
007 OOO.......X......
008 OOOOOO...XX......
009 ..........XX.....
010 ..........XX.....
011 ...........XXX...
012 .............XX..
013 .................
014 .................
Piece 2 3: x: 3 y: 2
..*
.**
size x: 20, y: 17
0000: 500 478 477 476 475 474 473 472 471 470 469 468 467 466 465 464 463 462 461 481 
0001: 478 479 478 477 476 475 474 473 472 471 470 469 468 467 466 465 464 463 462 461 
0002: 458 459 458 457 456 455 454 453 452 451 450 449 448 447 446 445 444 443 442 441 
0003: 438 439 438 437 436 435 1434 1433 1432 431 430 429 428 427 426 425 424 423 422 421 
0004: 418 419 418 417 416 415 414 413 1412 411 410 409 408 407 406 405 404 403 402 401 
0005: 398 399 398 397 396 395 394 393 1392 391 390 389 388 387 386 385 384 383 382 381 
0006: 378 379 378 377 376 375 374 373 1372 1371 370 369 368 367 366 365 364 363 362 361 
0007: 358 359 358 357 356 355 354 353 1352 1351 1350 1349 1348 1347 346 345 344 343 342 341 
0008: 338 339 338 337 336 335 334 333 332 331 330 329 328 1327 326 325 324 323 322 321 
0009: 318 319 318 317 316 315 314 313 312 311 310 309 1308 1307 306 305 304 303 302 301 
0010: 298 299 298 297 296 295 294 293 292 291 290 289 288 1287 1286 285 284 283 282 281 
0011: 278 279 278 277 276 275 274 273 272 271 270 269 268 1267 1266 265 264 263 262 261 
0012: 258 259 258 257 256 255 254 253 252 251 250 249 248 247 1246 1245 1244 243 242 241 
0013: 238 239 238 237 236 235 234 233 232 231 230 229 228 227 226 225 1224 1223 222 221 
0014: 218 219 218 217 216 215 214 213 212 211 210 209 208 207 206 205 204 203 202 201 
0015: 198 199 198 197 196 195 194 193 192 191 190 189 188 187 186 185 184 183 182 181 
0016: 180 179 178 177 176 175 174 173 172 171 170 169 168 167 166 165 164 163 162 161 
x 1 y 3 z 375
3 1
rect x 0 y 0 h 2 w 3
Plateau 15 17: x: 17 y: 15
    01234567890123456
000 OOO..............
001 OO...............
002 OOOXXXX..........
003 OO.O.X...........
004 .OOO.X...........
005 .OOO.XX..........
006 OOO..XXXXXX......
007 OOO.......X......
008 OOOOOO...XX......
009 ..........XX.....
010 ..........XX.....
011 ...........XXX...
012 .............XX..
013 .................
014 .................
Piece 2 3: x: 3 y: 2
**.
.**
size x: 19, y: 17
0000: 500 479 478 477 476 475 474 473 472 471 470 469 468 467 466 465 464 463 482 
0001: 479 480 479 478 477 476 475 474 473 472 471 470 469 468 467 466 465 464 463 
0002: 460 461 460 459 458 457 456 455 454 453 452 451 450 449 448 447 446 445 444 
0003: 441 442 441 440 439 1438 1437 1436 1435 434 433 432 431 430 429 428 427 426 425 
0004: 422 423 422 421 420 419 418 1417 416 415 414 413 412 411 410 409 408 407 406 
0005: 403 404 403 402 401 400 399 1398 397 396 395 394 393 392 391 390 389 388 387 
0006: 384 385 384 383 382 381 380 1379 1378 377 376 375 374 373 372 371 370 369 368 
0007: 365 366 365 364 363 362 361 1360 1359 1358 1357 1356 1355 354 353 352 351 350 349 
0008: 346 347 346 345 344 343 342 341 340 339 338 337 1336 335 334 333 332 331 330 
0009: 327 328 327 326 325 324 323 322 321 320 319 1318 1317 316 315 314 313 312 311 
0010: 308 309 308 307 306 305 304 303 302 301 300 299 1298 1297 296 295 294 293 292 
0011: 289 290 289 288 287 286 285 284 283 282 281 280 1279 1278 277 276 275 274 273 
0012: 270 271 270 269 268 267 266 265 264 263 262 261 260 1259 1258 1257 256 255 254 
0013: 251 252 251 250 249 248 247 246 245 244 243 242 241 240 239 1238 1237 236 235 
0014: 232 233 232 231 230 229 228 227 226 225 224 223 222 221 220 219 218 217 216 
0015: 213 214 213 212 211 210 209 208 207 206 205 204 203 202 201 200 199 198 197 
0016: 196 195 194 193 192 191 190 189 188 187 186 185 184 183 182 181 180 179 178 
x 2 y 0 z 440
0 2
rect x 0 y 0 h 2 w 1
Plateau 15 17: x: 17 y: 15
    01234567890123456
000 OOOO.............
001 OO.OO............
002 OOOXXXXX.........
003 OO.O.X...........
004 .OOO.X...........
005 .OOO.XX..........
006 OOO..XXXXXX......
007 OOO.......X......
008 OOOOOO...XX......
009 ..........XX.....
010 ..........XX.....
011 ...........XXX...
012 .............XX..
013 .................
014 .................
Piece 2 3: x: 3 y: 2
*..
*..
size x: 21, y: 17
0000: 500 477 476 475 474 473 472 471 470 469 468 467 466 465 464 463 462 461 460 459 480 
0001: 477 478 477 476 475 474 473 472 471 470 469 468 467 466 465 464 463 462 461 460 459 
0002: 456 457 456 455 454 453 452 451 450 449 448 447 446 445 444 443 442 441 440 439 438 
0003: 435 436 435 434 433 1432 1431 1430 1429 1428 427 426 425 424 423 422 421 420 419 418 417 
0004: 414 415 414 413 412 411 410 1409 408 407 406 405 404 403 402 401 400 399 398 397 396 
0005: 393 394 393 392 391 390 389 1388 387 386 385 384 383 382 381 380 379 378 377 376 375 
0006: 372 373 372 371 370 369 368 1367 1366 365 364 363 362 361 360 359 358 357 356 355 354 
0007: 351 352 351 350 349 348 347 1346 1345 1344 1343 1342 1341 340 339 338 337 336 335 334 333 
0008: 330 331 330 329 328 327 326 325 324 323 322 321 1320 319 318 317 316 315 314 313 312 
0009: 309 310 309 308 307 306 305 304 303 302 301 1300 1299 298 297 296 295 294 293 292 291 
0010: 288 289 288 287 286 285 284 283 282 281 280 279 1278 1277 276 275 274 273 272 271 270 
0011: 267 268 267 266 265 264 263 262 261 260 259 258 1257 1256 255 254 253 252 251 250 249 
0012: 246 247 246 245 244 243 242 241 240 239 238 237 236 1235 1234 1233 232 231 230 229 228 
0013: 225 226 225 224 223 222 221 220 219 218 217 216 215 214 213 1212 1211 210 209 208 207 
0014: 204 205 204 203 202 201 200 199 198 197 196 195 194 193 192 191 190 189 188 187 186 
0015: 183 184 183 182 181 180 179 178 177 176 175 174 173 172 171 170 169 168 167 166 165 
0016: 164 163 162 161 160 159 158 157 156 155 154 153 152 151 150 149 148 147 146 145 144 
x 2 y 0 z 475
0 2
rect x 0 y 0 h 2 w 2
Plateau 15 17: x: 17 y: 15
    01234567890123456
000 OOOO.............
001 OOOOO............
002 OOOXXXXXXX.......
003 OO.O.X...........
004 .OOO.X...........
005 .OOO.XX..........
006 OOO..XXXXXX......
007 OOO.......X......
008 OOOOOO...XX......
009 ..........XX.....
010 ..........XX.....
011 ...........XXX...
012 .............XX..
013 .................
014 .................
Piece 2 2: x: 2 y: 2
*.
**
size x: 19, y: 17
0000: 500 479 478 477 476 475 474 473 472 471 470 469 468 467 466 465 464 463 482 
0001: 479 480 479 478 477 476 475 474 473 472 471 470 469 468 467 466 465 464 463 
0002: 460 461 460 459 458 457 456 455 454 453 452 451 450 449 448 447 446 445 444 
0003: 441 442 441 440 439 1438 1437 1436 1435 1434 1433 1432 431 430 429 428 427 426 425 
0004: 422 423 422 421 420 419 418 1417 416 415 414 413 412 411 410 409 408 407 406 
0005: 403 404 403 402 401 400 399 1398 397 396 395 394 393 392 391 390 389 388 387 
0006: 384 385 384 383 382 381 380 1379 1378 377 376 375 374 373 372 371 370 369 368 
0007: 365 366 365 364 363 362 361 1360 1359 1358 1357 1356 1355 354 353 352 351 350 349 
0008: 346 347 346 345 344 343 342 341 340 339 338 337 1336 335 334 333 332 331 330 
0009: 327 328 327 326 325 324 323 322 321 320 319 1318 1317 316 315 314 313 312 311 
0010: 308 309 308 307 306 305 304 303 302 301 300 299 1298 1297 296 295 294 293 292 
0011: 289 290 289 288 287 286 285 284 283 282 281 280 1279 1278 277 276 275 274 273 
0012: 270 271 270 269 268 267 266 265 264 263 262 261 260 1259 1258 1257 256 255 254 
0013: 251 252 251 250 249 248 247 246 245 244 243 242 241 240 239 1238 1237 236 235 
0014: 232 233 232 231 230 229 228 227 226 225 224 223 222 221 220 219 218 217 216 
0015: 213 214 213 212 211 210 209 208 207 206 205 204 203 202 201 200 199 198 197 
0016: 196 195 194 193 192 191 190 189 188 187 186 185 184 183 182 181 180 179 178 
x 4 y 0 z 474
0 4
rect x 0 y 0 h 1 w 2
Plateau 15 17: x: 17 y: 15
    01234567890123456
000 OOOOO............
001 OOOOOO....X......
002 OOOXXXXXXXX......
003 OO.O.X...........
004 .OOO.X...........
005 .OOO.XX..........
006 OOO..XXXXXX......
007 OOO.......X......
008 OOOOOO...XX......
009 ..........XX.....
010 ..........XX.....
011 ...........XXX...
012 .............XX..
013 .................
014 .................
Piece 2 2: x: 2 y: 2
**
..
size x: 19, y: 18
0000: 500 479 478 477 476 475 474 473 472 471 470 469 468 467 466 465 464 463 482 
0001: 479 480 479 478 477 476 475 474 473 472 471 470 469 468 467 466 465 464 463 
0002: 460 461 460 459 458 457 456 455 454 453 452 451 1450 449 448 447 446 445 444 
0003: 441 442 441 440 439 1438 1437 1436 1435 1434 1433 1432 1431 430 429 428 427 426 425 
0004: 422 423 422 421 420 419 418 1417 416 415 414 413 412 411 410 409 408 407 406 
0005: 403 404 403 402 401 400 399 1398 397 396 395 394 393 392 391 390 389 388 387 
0006: 384 385 384 383 382 381 380 1379 1378 377 376 375 374 373 372 371 370 369 368 
0007: 365 366 365 364 363 362 361 1360 1359 1358 1357 1356 1355 354 353 352 351 350 349 
0008: 346 347 346 345 344 343 342 341 340 339 338 337 1336 335 334 333 332 331 330 
0009: 327 328 327 326 325 324 323 322 321 320 319 1318 1317 316 315 314 313 312 311 
0010: 308 309 308 307 306 305 304 303 302 301 300 299 1298 1297 296 295 294 293 292 
0011: 289 290 289 288 287 286 285 284 283 282 281 280 1279 1278 277 276 275 274 273 
0012: 270 271 270 269 268 267 266 265 264 263 262 261 260 1259 1258 1257 256 255 254 
0013: 251 252 251 250 249 248 247 246 245 244 243 242 241 240 239 1238 1237 236 235 
0014: 232 233 232 231 230 229 228 227 226 225 224 223 222 221 220 219 218 217 216 
0015: 213 214 213 212 211 210 209 208 207 206 205 204 203 202 201 200 199 198 197 
0016: 194 195 194 193 192 191 190 189 188 187 186 185 184 183 182 181 180 179 178 
0017: 177 176 175 174 173 172 171 170 169 168 167 166 165 164 163 162 161 160 159 
x 4 y 0 z 474
0 4
rect x 0 y 0 h 2 w 1
Plateau 15 17: x: 17 y: 15
    01234567890123456
000 OOOOOO....X......
001 OOOOOO....X......
002 OOOXXXXXXXX......
003 OO.O.X...........
004 .OOO.X...........
005 .OOO.XX..........
006 OOO..XXXXXX......
007 OOO.......X......
008 OOOOOO...XX......
009 ..........XX.....
010 ..........XX.....
011 ...........XXX...
012 .............XX..
013 .................
014 .................
Piece 2 1: x: 1 y: 2
*
*
size x: 19, y: 17
0000: 500 479 478 477 476 475 474 473 472 471 470 469 1468 467 466 465 464 463 482 
0001: 479 480 479 478 477 476 475 474 473 472 471 470 1469 468 467 466 465 464 463 
0002: 460 461 460 459 458 457 456 455 454 453 452 451 1450 449 448 447 446 445 444 
0003: 441 442 441 440 439 1438 1437 1436 1435 1434 1433 1432 1431 430 429 428 427 426 425 
0004: 422 423 422 421 420 419 418 1417 416 415 414 413 412 411 410 409 408 407 406 
0005: 403 404 403 402 401 400 399 1398 397 396 395 394 393 392 391 390 389 388 387 
0006: 384 385 384 383 382 381 380 1379 1378 377 376 375 374 373 372 371 370 369 368 
0007: 365 366 365 364 363 362 361 1360 1359 1358 1357 1356 1355 354 353 352 351 350 349 
0008: 346 347 346 345 344 343 342 341 340 339 338 337 1336 335 334 333 332 331 330 
0009: 327 328 327 326 325 324 323 322 321 320 319 1318 1317 316 315 314 313 312 311 
0010: 308 309 308 307 306 305 304 303 302 301 300 299 1298 1297 296 295 294 293 292 
0011: 289 290 289 288 287 286 285 284 283 282 281 280 1279 1278 277 276 275 274 273 
0012: 270 271 270 269 268 267 266 265 264 263 262 261 260 1259 1258 1257 256 255 254 
0013: 251 252 251 250 249 248 247 246 245 244 243 242 241 240 239 1238 1237 236 235 
0014: 232 233 232 231 230 229 228 227 226 225 224 223 222 221 220 219 218 217 216 
0015: 213 214 213 212 211 210 209 208 207 206 205 204 203 202 201 200 199 198 197 
0016: 196 195 194 193 192 191 190 189 188 187 186 185 184 183 182 181 180 179 178 
x 2 y 2 z 401
2 2
rect x 0 y 0 h 1 w 3
Plateau 15 17: x: 17 y: 15
    01234567890123456
000 OOOOOO....X......
001 OOOOOO....X......
002 OOOXXXXXXXXX.....
003 OOOO.X....XX.....
004 .OOO.X...........
005 .OOO.XX..........
006 OOO..XXXXXX......
007 OOO.......X......
008 OOOOOO...XX......
009 ..........XX.....
010 ..........XX.....
011 ...........XXX...
012 .............XX..
013 .................
014 .................
Piece 2 3: x: 3 y: 2
***
...
size x: 19, y: 18
0000: 500 479 478 477 476 475 474 473 472 471 470 469 1468 467 466 465 464 463 482 
0001: 479 480 479 478 477 476 475 474 473 472 471 470 1469 468 467 466 465 464 463 
0002: 460 461 460 459 458 457 456 455 454 453 452 451 1450 449 448 447 446 445 444 
0003: 441 442 441 440 439 1438 1437 1436 1435 1434 1433 1432 1431 1430 429 428 427 426 425 
0004: 422 423 422 421 420 419 418 1417 416 415 414 413 1412 1411 410 409 408 407 406 
0005: 403 404 403 402 401 400 399 1398 397 396 395 394 393 392 391 390 389 388 387 
0006: 384 385 384 383 382 381 380 1379 1378 377 376 375 374 373 372 371 370 369 368 
0007: 365 366 365 364 363 362 361 1360 1359 1358 1357 1356 1355 354 353 352 351 350 349 
0008: 346 347 346 345 344 343 342 341 340 339 338 337 1336 335 334 333 332 331 330 
0009: 327 328 327 326 325 324 323 322 321 320 319 1318 1317 316 315 314 313 312 311 
0010: 308 309 308 307 306 305 304 303 302 301 300 299 1298 1297 296 295 294 293 292 
0011: 289 290 289 288 287 286 285 284 283 282 281 280 1279 1278 277 276 275 274 273 
0012: 270 271 270 269 268 267 266 265 264 263 262 261 260 1259 1258 1257 256 255 254 
0013: 251 252 251 250 249 248 247 246 245 244 243 242 241 240 239 1238 1237 236 235 
0014: 232 233 232 231 230 229 228 227 226 225 224 223 222 221 220 219 218 217 216 
0015: 213 214 213 212 211 210 209 208 207 206 205 204 203 202 201 200 199 198 197 
0016: 194 195 194 193 192 191 190 189 188 187 186 185 184 183 182 181 180 179 178 
0017: 177 176 175 174 173 172 171 170 169 168 167 166 165 164 163 162 161 160 159 
x 5 y 0 z 472
0 5
rect x 0 y 0 h 2 w 2
Plateau 15 17: x: 17 y: 15
    01234567890123456
000 OOOOOOOO.XX......
001 OOOOOO....X......
002 OOOXXXXXXXXX.....
003 OOOO.X....XX.....
004 .OOO.X...........
005 .OOO.XX..........
006 OOO..XXXXXX......
007 OOO.......X......
008 OOOOOO...XX......
009 ..........XX.....
010 ..........XX.....
011 ...........XXX...
012 .............XX..
013 .................
014 .................
Piece 2 2: x: 2 y: 2
**
**
size x: 19, y: 17
0000: 500 479 478 477 476 475 474 473 472 471 470 1469 1468 467 466 465 464 463 482 
0001: 479 480 479 478 477 476 475 474 473 472 471 1470 1469 468 467 466 465 464 463 
0002: 460 461 460 459 458 457 456 455 454 453 452 451 1450 449 448 447 446 445 444 
0003: 441 442 441 440 439 1438 1437 1436 1435 1434 1433 1432 1431 1430 429 428 427 426 425 
0004: 422 423 422 421 420 419 418 1417 416 415 414 413 1412 1411 410 409 408 407 406 
0005: 403 404 403 402 401 400 399 1398 397 396 395 394 393 392 391 390 389 388 387 
0006: 384 385 384 383 382 381 380 1379 1378 377 376 375 374 373 372 371 370 369 368 
0007: 365 366 365 364 363 362 361 1360 1359 1358 1357 1356 1355 354 353 352 351 350 349 
0008: 346 347 346 345 344 343 342 341 340 339 338 337 1336 335 334 333 332 331 330 
0009: 327 328 327 326 325 324 323 322 321 320 319 1318 1317 316 315 314 313 312 311 
0010: 308 309 308 307 306 305 304 303 302 301 300 299 1298 1297 296 295 294 293 292 
0011: 289 290 289 288 287 286 285 284 283 282 281 280 1279 1278 277 276 275 274 273 
0012: 270 271 270 269 268 267 266 265 264 263 262 261 260 1259 1258 1257 256 255 254 
0013: 251 252 251 250 249 248 247 246 245 244 243 242 241 240 239 1238 1237 236 235 
0014: 232 233 232 231 230 229 228 227 226 225 224 223 222 221 220 219 218 217 216 
0015: 213 214 213 212 211 210 209 208 207 206 205 204 203 202 201 200 199 198 197 
0016: 196 195 194 193 192 191 190 189 188 187 186 185 184 183 182 181 180 179 178 
x 7 y 0 z 471
0 7
rect x 0 y 0 h 1 w 2
Plateau 15 17: x: 17 y: 15
    01234567890123456
000 OOOOOOOOOXXX.....
001 OOOOOO.OO.X......
002 OOOXXXXXXXXX.....
003 OOOO.X....XX.....
004 .OOO.X...........
005 .OOO.XX..........
006 OOO..XXXXXX......
007 OOO.......X......
008 OOOOOO...XX......
009 ..........XX.....
010 ..........XX.....
011 ...........XXX...
012 .............XX..
013 .................
014 .................
Piece 1 3: x: 3 y: 1
**.
size x: 20, y: 17
0000: 500 478 477 476 475 474 473 472 471 470 469 1468 1467 1466 465 464 463 462 461 481 
0001: 478 479 478 477 476 475 474 473 472 471 470 1469 1468 1467 466 465 464 463 462 461 
0002: 458 459 458 457 456 455 454 453 452 451 450 449 1448 447 446 445 444 443 442 441 
0003: 438 439 438 437 436 1435 1434 1433 1432 1431 1430 1429 1428 1427 426 425 424 423 422 421 
0004: 418 419 418 417 416 415 414 1413 412 411 410 409 1408 1407 406 405 404 403 402 401 
0005: 398 399 398 397 396 395 394 1393 392 391 390 389 388 387 386 385 384 383 382 381 
0006: 378 379 378 377 376 375 374 1373 1372 371 370 369 368 367 366 365 364 363 362 361 
0007: 358 359 358 357 356 355 354 1353 1352 1351 1350 1349 1348 347 346 345 344 343 342 341 
0008: 338 339 338 337 336 335 334 333 332 331 330 329 1328 327 326 325 324 323 322 321 
0009: 318 319 318 317 316 315 314 313 312 311 310 1309 1308 307 306 305 304 303 302 301 
0010: 298 299 298 297 296 295 294 293 292 291 290 289 1288 1287 286 285 284 283 282 281 
0011: 278 279 278 277 276 275 274 273 272 271 270 269 1268 1267 266 265 264 263 262 261 
0012: 258 259 258 257 256 255 254 253 252 251 250 249 248 1247 1246 1245 244 243 242 241 
0013: 238 239 238 237 236 235 234 233 232 231 230 229 228 227 226 1225 1224 223 222 221 
0014: 218 219 218 217 216 215 214 213 212 211 210 209 208 207 206 205 204 203 202 201 
0015: 198 199 198 197 196 195 194 193 192 191 190 189 188 187 186 185 184 183 182 181 
0016: 180 179 178 177 176 175 174 173 172 171 170 169 168 167 166 165 164 163 162 161 
x 5 y 1 z 452
1 5
rect x 0 y 0 h 2 w 1
Plateau 15 17: x: 17 y: 15
    01234567890123456
000 OOOOOOOOOXXX.....
001 OOOOOOOOOXX......
002 OOOXXXXXXXXX.....
003 OOOO.X....XX.....
004 .OOO.X...........
005 .OOO.XX..........
006 OOO..XXXXXX......
007 OOO.......X......
008 OOOOOO...XX......
009 ..........XX.....
010 ..........XX.....
011 ...........XXX...
012 .............XX..
013 .................
014 .................
Piece 2 1: x: 1 y: 2
*
*
size x: 19, y: 17
0000: 500 479 478 477 476 475 474 473 472 471 470 1469 1468 1467 466 465 464 463 482 
0001: 479 480 479 478 477 476 475 474 473 472 471 1470 1469 1468 467 466 465 464 463 
0002: 460 461 460 459 458 457 456 455 454 453 452 1451 1450 449 448 447 446 445 444 
0003: 441 442 441 440 439 1438 1437 1436 1435 1434 1433 1432 1431 1430 429 428 427 426 425 
0004: 422 423 422 421 420 419 418 1417 416 415 414 413 1412 1411 410 409 408 407 406 
0005: 403 404 403 402 401 400 399 1398 397 396 395 394 393 392 391 390 389 388 387 
0006: 384 385 384 383 382 381 380 1379 1378 377 376 375 374 373 372 371 370 369 368 
0007: 365 366 365 364 363 362 361 1360 1359 1358 1357 1356 1355 354 353 352 351 350 349 
0008: 346 347 346 345 344 343 342 341 340 339 338 337 1336 335 334 333 332 331 330 
0009: 327 328 327 326 325 324 323 322 321 320 319 1318 1317 316 315 314 313 312 311 
0010: 308 309 308 307 306 305 304 303 302 301 300 299 1298 1297 296 295 294 293 292 
0011: 289 290 289 288 287 286 285 284 283 282 281 280 1279 1278 277 276 275 274 273 
0012: 270 271 270 269 268 267 266 265 264 263 262 261 260 1259 1258 1257 256 255 254 
0013: 251 252 251 250 249 248 247 246 245 244 243 242 241 240 239 1238 1237 236 235 
0014: 232 233 232 231 230 229 228 227 226 225 224 223 222 221 220 219 218 217 216 
0015: 213 214 213 212 211 210 209 208 207 206 205 204 203 202 201 200 199 198 197 
0016: 196 195 194 193 192 191 190 189 188 187 186 185 184 183 182 181 180 179 178 
x 0 y 3 z 384
3 0
rect x 0 y 0 h 1 w 3
Plateau 15 17: x: 17 y: 15
    01234567890123456
000 OOOOOOOOOXXXX....
001 OOOOOOOOOXX......
002 OOOXXXXXXXXX.....
003 OOOO.X....XX.....
004 OOOO.X...........
005 .OOO.XX..........
006 OOO..XXXXXX......
007 OOO.......X......
008 OOOOOO...XX......
009 ..........XX.....
010 ..........XX.....
011 ...........XXX...
012 .............XX..
013 .................
014 .................
Piece 2 3: x: 3 y: 2
***
...
size x: 19, y: 18
0000: 500 479 478 477 476 475 474 473 472 471 470 1469 1468 1467 1466 465 464 463 482 
0001: 479 480 479 478 477 476 475 474 473 472 471 1470 1469 1468 1467 466 465 464 463 
0002: 460 461 460 459 458 457 456 455 454 453 452 1451 1450 449 448 447 446 445 444 
0003: 441 442 441 440 439 1438 1437 1436 1435 1434 1433 1432 1431 1430 429 428 427 426 425 
0004: 422 423 422 421 420 419 418 1417 416 415 414 413 1412 1411 410 409 408 407 406 
0005: 403 404 403 402 401 400 399 1398 397 396 395 394 393 392 391 390 389 388 387 
0006: 384 385 384 383 382 381 380 1379 1378 377 376 375 374 373 372 371 370 369 368 
0007: 365 366 365 364 363 362 361 1360 1359 1358 1357 1356 1355 354 353 352 351 350 349 
0008: 346 347 346 345 344 343 342 341 340 339 338 337 1336 335 334 333 332 331 330 
0009: 327 328 327 326 325 324 323 322 321 320 319 1318 1317 316 315 314 313 312 311 
0010: 308 309 308 307 306 305 304 303 302 301 300 299 1298 1297 296 295 294 293 292 
0011: 289 290 289 288 287 286 285 284 283 282 281 280 1279 1278 277 276 275 274 273 
0012: 270 271 270 269 268 267 266 265 264 263 262 261 260 1259 1258 1257 256 255 254 
0013: 251 252 251 250 249 248 247 246 245 244 243 242 241 240 239 1238 1237 236 235 
0014: 232 233 232 231 230 229 228 227 226 225 224 223 222 221 220 219 218 217 216 
0015: 213 214 213 212 211 210 209 208 207 206 205 204 203 202 201 200 199 198 197 
0016: 194 195 194 193 192 191 190 189 188 187 186 185 184 183 182 181 180 179 178 
0017: 177 176 175 174 173 172 171 170 169 168 167 166 165 164 163 162 161 160 159 
x 2 y 6 z 342
6 2
rect x 0 y 0 h 2 w 1
Plateau 15 17: x: 17 y: 15
    01234567890123456
000 OOOOOOOOOXXXXX...
001 OOOOOOOOOXX......
002 OOOXXXXXXXXX.....
003 OOOO.X....XX.....
004 OOOO.X...........
005 .OOO.XX..........
006 OOOOOXXXXXX......
007 OOO.......X......
008 OOOOOO...XX......
009 ..........XX.....
010 ..........XX.....
011 ...........XXX...
012 .............XX..
013 .................
014 .................
Piece 2 3: x: 3 y: 2
*..
*..
size x: 21, y: 17
0000: 500 477 476 475 474 473 472 471 470 469 468 1467 1466 1465 1464 1463 462 461 460 459 480 
0001: 477 478 477 476 475 474 473 472 471 470 469 1468 1467 1466 1465 1464 463 462 461 460 459 
0002: 456 457 456 455 454 453 452 451 450 449 448 1447 1446 445 444 443 442 441 440 439 438 
0003: 435 436 435 434 433 1432 1431 1430 1429 1428 1427 1426 1425 1424 423 422 421 420 419 418 417 
0004: 414 415 414 413 412 411 410 1409 408 407 406 405 1404 1403 402 401 400 399 398 397 396 
0005: 393 394 393 392 391 390 389 1388 387 386 385 384 383 382 381 380 379 378 377 376 375 
0006: 372 373 372 371 370 369 368 1367 1366 365 364 363 362 361 360 359 358 357 356 355 354 
0007: 351 352 351 350 349 348 347 1346 1345 1344 1343 1342 1341 340 339 338 337 336 335 334 333 
0008: 330 331 330 329 328 327 326 325 324 323 322 321 1320 319 318 317 316 315 314 313 312 
0009: 309 310 309 308 307 306 305 304 303 302 301 1300 1299 298 297 296 295 294 293 292 291 
0010: 288 289 288 287 286 285 284 283 282 281 280 279 1278 1277 276 275 274 273 272 271 270 
0011: 267 268 267 266 265 264 263 262 261 260 259 258 1257 1256 255 254 253 252 251 250 249 
0012: 246 247 246 245 244 243 242 241 240 239 238 237 236 1235 1234 1233 232 231 230 229 228 
0013: 225 226 225 224 223 222 221 220 219 218 217 216 215 214 213 1212 1211 210 209 208 207 
0014: 204 205 204 203 202 201 200 199 198 197 196 195 194 193 192 191 190 189 188 187 186 
0015: 183 184 183 182 181 180 179 178 177 176 175 174 173 172 171 170 169 168 167 166 165 
0016: 164 163 162 161 160 159 158 157 156 155 154 153 152 151 150 149 148 147 146 145 144 
x 0 y 4 z 351
4 0
rect x 0 y 0 h 1 w 2
Plateau 15 17: x: 17 y: 15
    01234567890123456
000 OOOOOOOOOXXXXXX..
001 OOOOOOOOOXX......
002 OOOXXXXXXXXX.....
003 OOOO.X....XX.....
004 OOOO.X...........
005 OOOO.XX..........
006 OOOOOXXXXXX......
007 OOO.......X......
008 OOOOOO...XX......
009 ..........XX.....
010 ..........XX.....
011 ...........XXX...
012 .............XX..
013 .................
014 .................
Piece 1 2: x: 2 y: 1
**
size x: 19, y: 17
0000: 500 479 478 477 476 475 474 473 472 471 470 1469 1468 1467 1466 1465 1464 463 482 
0001: 479 480 479 478 477 476 475 474 473 472 471 1470 1469 1468 1467 1466 1465 464 463 
0002: 460 461 460 459 458 457 456 455 454 453 452 1451 1450 449 448 447 446 445 444 
0003: 441 442 441 440 439 1438 1437 1436 1435 1434 1433 1432 1431 1430 429 428 427 426 425 
0004: 422 423 422 421 420 419 418 1417 416 415 414 413 1412 1411 410 409 408 407 406 
0005: 403 404 403 402 401 400 399 1398 397 396 395 394 393 392 391 390 389 388 387 
0006: 384 385 384 383 382 381 380 1379 1378 377 376 375 374 373 372 371 370 369 368 
0007: 365 366 365 364 363 362 361 1360 1359 1358 1357 1356 1355 354 353 352 351 350 349 
0008: 346 347 346 345 344 343 342 341 340 339 338 337 1336 335 334 333 332 331 330 
0009: 327 328 327 326 325 324 323 322 321 320 319 1318 1317 316 315 314 313 312 311 
0010: 308 309 308 307 306 305 304 303 302 301 300 299 1298 1297 296 295 294 293 292 
0011: 289 290 289 288 287 286 285 284 283 282 281 280 1279 1278 277 276 275 274 273 
0012: 270 271 270 269 268 267 266 265 264 263 262 261 260 1259 1258 1257 256 255 254 
0013: 251 252 251 250 249 248 247 246 245 244 243 242 241 240 239 1238 1237 236 235 
0014: 232 233 232 231 230 229 228 227 226 225 224 223 222 221 220 219 218 217 216 
0015: 213 214 213 212 211 210 209 208 207 206 205 204 203 202 201 200 199 198 197 
0016: 196 195 194 193 192 191 190 189 188 187 186 185 184 183 182 181 180 179 178 
x 3 y 3 z 399
3 3
rect x 0 y 0 h 2 w 2
Plateau 15 17: x: 17 y: 15
    01234567890123456
000 OOOOOOOOOXXXXXXX.
001 OOOOOOOOOXX......
002 OOOXXXXXXXXX.....
003 OOOOOX....XX.....
004 OOOO.X...........
005 OOOO.XX..........
006 OOOOOXXXXXX......
007 OOO.......X......
008 OOOOOO...XX......
009 ..........XX.....
010 ..........XX.....
011 ...........XXX...
012 .............XX..
013 .................
014 .................
Piece 2 3: x: 3 y: 2
**.
**.
size x: 20, y: 17
0000: 500 478 477 476 475 474 473 472 471 470 469 1468 1467 1466 1465 1464 1463 1462 461 481 
0001: 478 479 478 477 476 475 474 473 472 471 470 1469 1468 1467 1466 1465 1464 1463 462 461 
0002: 458 459 458 457 456 455 454 453 452 451 450 1449 1448 447 446 445 444 443 442 441 
0003: 438 439 438 437 436 1435 1434 1433 1432 1431 1430 1429 1428 1427 426 425 424 423 422 421 
0004: 418 419 418 417 416 415 414 1413 412 411 410 409 1408 1407 406 405 404 403 402 401 
0005: 398 399 398 397 396 395 394 1393 392 391 390 389 388 387 386 385 384 383 382 381 
0006: 378 379 378 377 376 375 374 1373 1372 371 370 369 368 367 366 365 364 363 362 361 
0007: 358 359 358 357 356 355 354 1353 1352 1351 1350 1349 1348 347 346 345 344 343 342 341 
0008: 338 339 338 337 336 335 334 333 332 331 330 329 1328 327 326 325 324 323 322 321 
0009: 318 319 318 317 316 315 314 313 312 311 310 1309 1308 307 306 305 304 303 302 301 
0010: 298 299 298 297 296 295 294 293 292 291 290 289 1288 1287 286 285 284 283 282 281 
0011: 278 279 278 277 276 275 274 273 272 271 270 269 1268 1267 266 265 264 263 262 261 
0012: 258 259 258 257 256 255 254 253 252 251 250 249 248 1247 1246 1245 244 243 242 241 
0013: 238 239 238 237 236 235 234 233 232 231 230 229 228 227 226 1225 1224 223 222 221 
0014: 218 219 218 217 216 215 214 213 212 211 210 209 208 207 206 205 204 203 202 201 
0015: 198 199 198 197 196 195 194 193 192 191 190 189 188 187 186 185 184 183 182 181 
0016: 180 179 178 177 176 175 174 173 172 171 170 169 168 167 166 165 164 163 162 161 
x 5 y 7 z 292
7 5
rect x 0 y 0 h 2 w 1
Plateau 15 17: x: 17 y: 15
    01234567890123456
000 OOOOOOOOOXXXXXXX.
001 OOOOOOOOOXXX.....
002 OOOXXXXXXXXX.....
003 OOOOOX....XX.....
004 OOOO.X...........
005 OOOO.XX..........
006 OOOOOXXXXXX......
007 OOO..OO...X......
008 OOOOOOO..XX......
009 ..........XX.....
010 ..........XX.....
011 ...........XXX...
012 .............XX..
013 .................
014 .................
Piece 2 1: x: 1 y: 2
*
*
size x: 19, y: 17
0000: 500 479 478 477 476 475 474 473 472 471 470 1469 1468 1467 1466 1465 1464 1463 482 
0001: 479 480 479 478 477 476 475 474 473 472 471 1470 1469 1468 1467 1466 1465 1464 463 
0002: 460 461 460 459 458 457 456 455 454 453 452 1451 1450 1449 448 447 446 445 444 
0003: 441 442 441 440 439 1438 1437 1436 1435 1434 1433 1432 1431 1430 429 428 427 426 425 
0004: 422 423 422 421 420 419 418 1417 416 415 414 413 1412 1411 410 409 408 407 406 
0005: 403 404 403 402 401 400 399 1398 397 396 395 394 393 392 391 390 389 388 387 
0006: 384 385 384 383 382 381 380 1379 1378 377 376 375 374 373 372 371 370 369 368 
0007: 365 366 365 364 363 362 361 1360 1359 1358 1357 1356 1355 354 353 352 351 350 349 
0008: 346 347 346 345 344 343 342 341 340 339 338 337 1336 335 334 333 332 331 330 
0009: 327 328 327 326 325 324 323 322 321 320 319 1318 1317 316 315 314 313 312 311 
0010: 308 309 308 307 306 305 304 303 302 301 300 299 1298 1297 296 295 294 293 292 
0011: 289 290 289 288 287 286 285 284 283 282 281 280 1279 1278 277 276 275 274 273 
0012: 270 271 270 269 268 267 266 265 264 263 262 261 260 1259 1258 1257 256 255 254 
0013: 251 252 251 250 249 248 247 246 245 244 243 242 241 240 239 1238 1237 236 235 
0014: 232 233 232 231 230 229 228 227 226 225 224 223 222 221 220 219 218 217 216 
0015: 213 214 213 212 211 210 209 208 207 206 205 204 203 202 201 200 199 198 197 
0016: 196 195 194 193 192 191 190 189 188 187 186 185 184 183 182 181 180 179 178 
x 4 y 3 z 380
3 4
rect x 1 y 1 h 1 w 2
Plateau 15 17: x: 17 y: 15
    01234567890123456
000 OOOOOOOOOXXXXXXX.
001 OOOOOOOOOXXXX....
002 OOOXXXXXXXXX.....
003 OOOOOX....XX.....
004 OOOOOX...........
005 OOOO.XX..........
006 OOOOOXXXXXX......
007 OOO..OO...X......
008 OOOOOOO..XX......
009 ..........XX.....
010 ..........XX.....
011 ...........XXX...
012 .............XX..
013 .................
014 .................
Piece 2 3: x: 3 y: 2
...
.**
size x: 20, y: 18
0000: 500 478 477 476 475 474 473 472 471 470 469 468 467 466 465 464 463 462 461 481 
0001: 478 479 478 477 476 475 474 473 472 471 470 469 468 467 466 465 464 463 462 461 
0002: 458 459 458 457 456 455 454 453 452 451 450 449 1448 1447 1446 1445 1444 1443 1442 441 
0003: 438 439 438 437 436 435 434 433 432 431 430 429 1428 1427 1426 1425 424 423 422 421 
0004: 418 419 418 417 416 415 1414 1413 1412 1411 1410 1409 1408 1407 1406 405 404 403 402 401 
0005: 398 399 398 397 396 395 394 393 1392 391 390 389 388 1387 1386 385 384 383 382 381 
0006: 378 379 378 377 376 375 374 373 1372 371 370 369 368 367 366 365 364 363 362 361 
0007: 358 359 358 357 356 355 354 353 1352 1351 350 349 348 347 346 345 344 343 342 341 
0008: 338 339 338 337 336 335 334 333 1332 1331 1330 1329 1328 1327 326 325 324 323 322 321 
0009: 318 319 318 317 316 315 314 313 312 311 310 309 308 1307 306 305 304 303 302 301 
0010: 298 299 298 297 296 295 294 293 292 291 290 289 1288 1287 286 285 284 283 282 281 
0011: 278 279 278 277 276 275 274 273 272 271 270 269 268 1267 1266 265 264 263 262 261 
0012: 258 259 258 257 256 255 254 253 252 251 250 249 248 1247 1246 245 244 243 242 241 
0013: 238 239 238 237 236 235 234 233 232 231 230 229 228 227 1226 1225 1224 223 222 221 
0014: 218 219 218 217 216 215 214 213 212 211 210 209 208 207 206 205 1204 1203 202 201 
0015: 198 199 198 197 196 195 194 193 192 191 190 189 188 187 186 185 184 183 182 181 
0016: 178 179 178 177 176 175 174 173 172 171 170 169 168 167 166 165 164 163 162 161 
0017: 160 159 158 157 156 155 154 153 152 151 150 149 148 147 146 145 144 143 142 141 
x 2 y 4 z 354
4 2
rect x 0 y 0 h 2 w 2
Plateau 15 17: x: 17 y: 15
    01234567890123456
000 OOOOOOOOOXXXXXXX.
001 OOOOOOOOOXXXXX...
002 OOOXXXXXXXXX.....
003 OOOOOX....XX.....
004 OOOOOX...........
005 OOOOOXX..........
006 OOOOOXXXXXX......
007 OOO..OO...X......
008 OOOOOOO..XX......
009 ..........XX.....
010 ..........XX.....
011 ...........XXX...
012 .............XX..
013 .................
014 .................
Piece 2 2: x: 2 y: 2
**
.*
size x: 19, y: 17
0000: 500 479 478 477 476 475 474 473 472 471 470 1469 1468 1467 1466 1465 1464 1463 482 
0001: 479 480 479 478 477 476 475 474 473 472 471 1470 1469 1468 1467 1466 1465 1464 463 
0002: 460 461 460 459 458 457 456 455 454 453 452 1451 1450 1449 1448 1447 446 445 444 
0003: 441 442 441 440 439 1438 1437 1436 1435 1434 1433 1432 1431 1430 429 428 427 426 425 
0004: 422 423 422 421 420 419 418 1417 416 415 414 413 1412 1411 410 409 408 407 406 
0005: 403 404 403 402 401 400 399 1398 397 396 395 394 393 392 391 390 389 388 387 
0006: 384 385 384 383 382 381 380 1379 1378 377 376 375 374 373 372 371 370 369 368 
0007: 365 366 365 364 363 362 361 1360 1359 1358 1357 1356 1355 354 353 352 351 350 349 
0008: 346 347 346 345 344 343 342 341 340 339 338 337 1336 335 334 333 332 331 330 
0009: 327 328 327 326 325 324 323 322 321 320 319 1318 1317 316 315 314 313 312 311 
0010: 308 309 308 307 306 305 304 303 302 301 300 299 1298 1297 296 295 294 293 292 
0011: 289 290 289 288 287 286 285 284 283 282 281 280 1279 1278 277 276 275 274 273 
0012: 270 271 270 269 268 267 266 265 264 263 262 261 260 1259 1258 1257 256 255 254 
0013: 251 252 251 250 249 248 247 246 245 244 243 242 241 240 239 1238 1237 236 235 
0014: 232 233 232 231 230 229 228 227 226 225 224 223 222 221 220 219 218 217 216 
0015: 213 214 213 212 211 210 209 208 207 206 205 204 203 202 201 200 199 198 197 
0016: 196 195 194 193 192 191 190 189 188 187 186 185 184 183 182 181 180 179 178 
x 3 y 7 z 304
7 3
rect x 0 y 0 h 1 w 2
Plateau 15 17: x: 17 y: 15
    01234567890123456
000 OOOOOOOOOXXXXXXX.
001 OOOOOOOOOXXXXXX..
002 OOOXXXXXXXXX.....
003 OOOOOX....XX.....
004 OOOOOX...........
005 OOOOOXX..........
006 OOOOOXXXXXX......
007 OOOOOOO...X......
008 OOOOOOO..XX......
009 ..........XX.....
010 ..........XX.....
011 ...........XXX...
012 .............XX..
013 .................
014 .................
Piece 1 2: x: 2 y: 1
**
size x: 19, y: 17
0000: 500 479 478 477 476 475 474 473 472 471 470 1469 1468 1467 1466 1465 1464 1463 482 
0001: 479 480 479 478 477 476 475 474 473 472 471 1470 1469 1468 1467 1466 1465 1464 463 
0002: 460 461 460 459 458 457 456 455 454 453 452 1451 1450 1449 1448 1447 1446 445 444 
0003: 441 442 441 440 439 1438 1437 1436 1435 1434 1433 1432 1431 1430 429 428 427 426 425 
0004: 422 423 422 421 420 419 418 1417 416 415 414 413 1412 1411 410 409 408 407 406 
0005: 403 404 403 402 401 400 399 1398 397 396 395 394 393 392 391 390 389 388 387 
0006: 384 385 384 383 382 381 380 1379 1378 377 376 375 374 373 372 371 370 369 368 
0007: 365 366 365 364 363 362 361 1360 1359 1358 1357 1356 1355 354 353 352 351 350 349 
0008: 346 347 346 345 344 343 342 341 340 339 338 337 1336 335 334 333 332 331 330 
0009: 327 328 327 326 325 324 323 322 321 320 319 1318 1317 316 315 314 313 312 311 
0010: 308 309 308 307 306 305 304 303 302 301 300 299 1298 1297 296 295 294 293 292 
0011: 289 290 289 288 287 286 285 284 283 282 281 280 1279 1278 277 276 275 274 273 
0012: 270 271 270 269 268 267 266 265 264 263 262 261 260 1259 1258 1257 256 255 254 
0013: 251 252 251 250 249 248 247 246 245 244 243 242 241 240 239 1238 1237 236 235 
0014: 232 233 232 231 230 229 228 227 226 225 224 223 222 221 220 219 218 217 216 
0015: 213 214 213 212 211 210 209 208 207 206 205 204 203 202 201 200 199 198 197 
0016: 196 195 194 193 192 191 190 189 188 187 186 185 184 183 182 181 180 179 178 
x 6 y 7 z 320
7 6
rect x 0 y 0 h 1 w 2
Plateau 15 17: x: 17 y: 15
    01234567890123456
000 OOOOOOOOOXXXXXXX.
001 OOOOOOOOOXXXXXX..
002 OOOXXXXXXXXXXX...
003 OOOOOX....XX.....
004 OOOOOX...........
005 OOOOOXX..........
006 OOOOOXXXXXX......
007 OOOOOOOO..X......
008 OOOOOOO..XX......
009 ..........XX.....
010 ..........XX.....
011 ...........XXX...
012 .............XX..
013 .................
014 .................
Piece 1 3: x: 3 y: 1
**.
size x: 20, y: 17
0000: 500 478 477 476 475 474 473 472 471 470 469 1468 1467 1466 1465 1464 1463 1462 461 481 
0001: 478 479 478 477 476 475 474 473 472 471 470 1469 1468 1467 1466 1465 1464 1463 462 461 
0002: 458 459 458 457 456 455 454 453 452 451 450 1449 1448 1447 1446 1445 1444 443 442 441 
0003: 438 439 438 437 436 1435 1434 1433 1432 1431 1430 1429 1428 1427 1426 1425 424 423 422 421 
0004: 418 419 418 417 416 415 414 1413 412 411 410 409 1408 1407 406 405 404 403 402 401 
0005: 398 399 398 397 396 395 394 1393 392 391 390 389 388 387 386 385 384 383 382 381 
0006: 378 379 378 377 376 375 374 1373 1372 371 370 369 368 367 366 365 364 363 362 361 
0007: 358 359 358 357 356 355 354 1353 1352 1351 1350 1349 1348 347 346 345 344 343 342 341 
0008: 338 339 338 337 336 335 334 333 332 331 330 329 1328 327 326 325 324 323 322 321 
0009: 318 319 318 317 316 315 314 313 312 311 310 1309 1308 307 306 305 304 303 302 301 
0010: 298 299 298 297 296 295 294 293 292 291 290 289 1288 1287 286 285 284 283 282 281 
0011: 278 279 278 277 276 275 274 273 272 271 270 269 1268 1267 266 265 264 263 262 261 
0012: 258 259 258 257 256 255 254 253 252 251 250 249 248 1247 1246 1245 244 243 242 241 
0013: 238 239 238 237 236 235 234 233 232 231 230 229 228 227 226 1225 1224 223 222 221 
0014: 218 219 218 217 216 215 214 213 212 211 210 209 208 207 206 205 204 203 202 201 
0015: 198 199 198 197 196 195 194 193 192 191 190 189 188 187 186 185 184 183 182 181 
0016: 180 179 178 177 176 175 174 173 172 171 170 169 168 167 166 165 164 163 162 161 
x 7 y 7 z 310
7 7
rect x 0 y 0 h 2 w 1
Plateau 15 17: x: 17 y: 15
    01234567890123456
000 OOOOOOOOOXXXXXXX.
001 OOOOOOOOOXXXXXXX.
002 OOOXXXXXXXXXXX...
003 OOOOOX....XX.....
004 OOOOOX...........
005 OOOOOXX..........
006 OOOOOXXXXXX......
007 OOOOOOOOO.X......
008 OOOOOOO..XX......
009 ..........XX.....
010 ..........XX.....
011 ...........XXX...
012 .............XX..
013 .................
014 .................
Piece 2 2: x: 2 y: 2
*.
*.
size x: 20, y: 17
0000: 500 478 477 476 475 474 473 472 471 470 469 1468 1467 1466 1465 1464 1463 1462 461 481 
0001: 478 479 478 477 476 475 474 473 472 471 470 1469 1468 1467 1466 1465 1464 1463 462 461 
0002: 458 459 458 457 456 455 454 453 452 451 450 1449 1448 1447 1446 1445 1444 1443 442 441 
0003: 438 439 438 437 436 1435 1434 1433 1432 1431 1430 1429 1428 1427 1426 1425 424 423 422 421 
0004: 418 419 418 417 416 415 414 1413 412 411 410 409 1408 1407 406 405 404 403 402 401 
0005: 398 399 398 397 396 395 394 1393 392 391 390 389 388 387 386 385 384 383 382 381 
0006: 378 379 378 377 376 375 374 1373 1372 371 370 369 368 367 366 365 364 363 362 361 
0007: 358 359 358 357 356 355 354 1353 1352 1351 1350 1349 1348 347 346 345 344 343 342 341 
0008: 338 339 338 337 336 335 334 333 332 331 330 329 1328 327 326 325 324 323 322 321 
0009: 318 319 318 317 316 315 314 313 312 311 310 1309 1308 307 306 305 304 303 302 301 
0010: 298 299 298 297 296 295 294 293 292 291 290 289 1288 1287 286 285 284 283 282 281 
0011: 278 279 278 277 276 275 274 273 272 271 270 269 1268 1267 266 265 264 263 262 261 
0012: 258 259 258 257 256 255 254 253 252 251 250 249 248 1247 1246 1245 244 243 242 241 
0013: 238 239 238 237 236 235 234 233 232 231 230 229 228 227 226 1225 1224 223 222 221 
0014: 218 219 218 217 216 215 214 213 212 211 210 209 208 207 206 205 204 203 202 201 
0015: 198 199 198 197 196 195 194 193 192 191 190 189 188 187 186 185 184 183 182 181 
0016: 180 179 178 177 176 175 174 173 172 171 170 169 168 167 166 165 164 163 162 161 
x 7 y 7 z 291
7 7
rect x 0 y 0 h 1 w 2
Plateau 15 17: x: 17 y: 15
    01234567890123456
000 OOOOOOOOOXXXXXXX.
001 OOOOOOOOOXXXXXXX.
002 OOOXXXXXXXXXXXX..
003 OOOOOX....XX.....
004 OOOOOX...........
005 OOOOOXX..........
006 OOOOOXXXXXX......
007 OOOOOOOOO.X......
008 OOOOOOOO.XX......
009 ..........XX.....
010 ..........XX.....
011 ...........XXX...
012 .............XX..
013 .................
014 .................
Piece 2 3: x: 3 y: 2
**.
...
size x: 20, y: 18
0000: 500 478 477 476 475 474 473 472 471 470 469 1468 1467 1466 1465 1464 1463 1462 461 481 
0001: 478 479 478 477 476 475 474 473 472 471 470 1469 1468 1467 1466 1465 1464 1463 462 461 
0002: 458 459 458 457 456 455 454 453 452 451 450 1449 1448 1447 1446 1445 1444 1443 442 441 
0003: 438 439 438 437 436 1435 1434 1433 1432 1431 1430 1429 1428 1427 1426 1425 1424 423 422 421 
0004: 418 419 418 417 416 415 414 1413 412 411 410 409 1408 1407 406 405 404 403 402 401 
0005: 398 399 398 397 396 395 394 1393 392 391 390 389 388 387 386 385 384 383 382 381 
0006: 378 379 378 377 376 375 374 1373 1372 371 370 369 368 367 366 365 364 363 362 361 
0007: 358 359 358 357 356 355 354 1353 1352 1351 1350 1349 1348 347 346 345 344 343 342 341 
0008: 338 339 338 337 336 335 334 333 332 331 330 329 1328 327 326 325 324 323 322 321 
0009: 318 319 318 317 316 315 314 313 312 311 310 1309 1308 307 306 305 304 303 302 301 
0010: 298 299 298 297 296 295 294 293 292 291 290 289 1288 1287 286 285 284 283 282 281 
0011: 278 279 278 277 276 275 274 273 272 271 270 269 1268 1267 266 265 264 263 262 261 
0012: 258 259 258 257 256 255 254 253 252 251 250 249 248 1247 1246 1245 244 243 242 241 
0013: 238 239 238 237 236 235 234 233 232 231 230 229 228 227 226 1225 1224 223 222 221 
0014: 218 219 218 217 216 215 214 213 212 211 210 209 208 207 206 205 204 203 202 201 
0015: 198 199 198 197 196 195 194 193 192 191 190 189 188 187 186 185 184 183 182 181 
0016: 178 179 178 177 176 175 174 173 172 171 170 169 168 167 166 165 164 163 162 161 
0017: 160 159 158 157 156 155 154 153 152 151 150 149 148 147 146 145 144 143 142 141 
x 8 y 7 z 311
7 8
rect x 0 y 0 h 2 w 2
Plateau 15 17: x: 17 y: 15
    01234567890123456
000 OOOOOOOOOXXXXXXX.
001 OOOOOOOOOXXXXXXX.
002 OOOXXXXXXXXXXXX..
003 OOOOOXXX..XX.....
004 OOOOOX...........
005 OOOOOXX..........
006 OOOOOXXXXXX......
007 OOOOOOOOOOX......
008 OOOOOOOO.XX......
009 ..........XX.....
010 ..........XX.....
011 ...........XXX...
012 .............XX..
013 .................
014 .................
Piece 2 2: x: 2 y: 2
*.
**
size x: 19, y: 17
0000: 500 479 478 477 476 475 474 473 472 471 470 1469 1468 1467 1466 1465 1464 1463 482 
0001: 479 480 479 478 477 476 475 474 473 472 471 1470 1469 1468 1467 1466 1465 1464 463 
0002: 460 461 460 459 458 457 456 455 454 453 452 1451 1450 1449 1448 1447 1446 1445 444 
0003: 441 442 441 440 439 1438 1437 1436 1435 1434 1433 1432 1431 1430 1429 1428 1427 426 425 
0004: 422 423 422 421 420 419 418 1417 1416 1415 414 413 1412 1411 410 409 408 407 406 
0005: 403 404 403 402 401 400 399 1398 397 396 395 394 393 392 391 390 389 388 387 
0006: 384 385 384 383 382 381 380 1379 1378 377 376 375 374 373 372 371 370 369 368 
0007: 365 366 365 364 363 362 361 1360 1359 1358 1357 1356 1355 354 353 352 351 350 349 
0008: 346 347 346 345 344 343 342 341 340 339 338 337 1336 335 334 333 332 331 330 
0009: 327 328 327 326 325 324 323 322 321 320 319 1318 1317 316 315 314 313 312 311 
0010: 308 309 308 307 306 305 304 303 302 301 300 299 1298 1297 296 295 294 293 292 
0011: 289 290 289 288 287 286 285 284 283 282 281 280 1279 1278 277 276 275 274 273 
0012: 270 271 270 269 268 267 266 265 264 263 262 261 260 1259 1258 1257 256 255 254 
0013: 251 252 251 250 249 248 247 246 245 244 243 242 241 240 239 1238 1237 236 235 
0014: 232 233 232 231 230 229 228 227 226 225 224 223 222 221 220 219 218 217 216 
0015: 213 214 213 212 211 210 209 208 207 206 205 204 203 202 201 200 199 198 197 
0016: 196 195 194 193 192 191 190 189 188 187 186 185 184 183 182 181 180 179 178 
x 0 y 8 z 288
8 0
rect x 1 y 0 h 2 w 2
Plateau 15 17: x: 17 y: 15
    01234567890123456
000 OOOOOOOOOXXXXXXX.
001 OOOOOOOOOXXXXXXX.
002 OOOXXXXXXXXXXXXX.
003 OOOOOXXX..XX.....
004 OOOOOX...........
005 OOOOOXX..........
006 OOOOOXXXXXX......
007 OOOOOOOOOOX......
008 OOOOOOOO.XX......
009 OO........XX.....
010 ..........XX.....
011 ...........XXX...
012 .............XX..
013 .................
014 .................
Piece 2 3: x: 3 y: 2
.*.
.**
size x: 20, y: 17
0000: 500 478 477 476 475 474 473 472 471 470 469 468 1467 1466 1465 1464 1463 1462 1461 481 
0001: 478 479 478 477 476 475 474 473 472 471 470 469 1468 1467 1466 1465 1464 1463 1462 461 
0002: 458 459 458 457 456 455 454 453 452 451 450 449 1448 1447 1446 1445 1444 1443 1442 441 
0003: 438 439 438 437 436 435 1434 1433 1432 1431 1430 1429 1428 1427 1426 1425 1424 1423 1422 421 
0004: 418 419 418 417 416 415 414 413 1412 1411 1410 409 408 1407 1406 405 404 403 402 401 
0005: 398 399 398 397 396 395 394 393 1392 391 390 389 388 387 386 385 384 383 382 381 
0006: 378 379 378 377 376 375 374 373 1372 1371 370 369 368 367 366 365 364 363 362 361 
0007: 358 359 358 357 356 355 354 353 1352 1351 1350 1349 1348 1347 346 345 344 343 342 341 
0008: 338 339 338 337 336 335 334 333 332 331 330 329 328 1327 326 325 324 323 322 321 
0009: 318 319 318 317 316 315 314 313 312 311 310 309 1308 1307 306 305 304 303 302 301 
0010: 298 299 298 297 296 295 294 293 292 291 290 289 288 1287 1286 285 284 283 282 281 
0011: 278 279 278 277 276 275 274 273 272 271 270 269 268 1267 1266 265 264 263 262 261 
0012: 258 259 258 257 256 255 254 253 252 251 250 249 248 247 1246 1245 1244 243 242 241 
0013: 238 239 238 237 236 235 234 233 232 231 230 229 228 227 226 225 1224 1223 222 221 
0014: 218 219 218 217 216 215 214 213 212 211 210 209 208 207 206 205 204 203 202 201 
0015: 198 199 198 197 196 195 194 193 192 191 190 189 188 187 186 185 184 183 182 181 
0016: 180 179 178 177 176 175 174 173 172 171 170 169 168 167 166 165 164 163 162 161 
x 1 y 8 z 275
8 1
rect x 0 y 0 h 2 w 3
Plateau 15 17: x: 17 y: 15
    01234567890123456
000 OOOOOOOOOXXXXXXX.
001 OOOOOOOOOXXXXXXX.
002 OOOXXXXXXXXXXXXX.
003 OOOOOXXXXXXX.....
004 OOOOOX...........
005 OOOOOXX..........
006 OOOOOXXXXXX......
007 OOOOOOOOOOX......
008 OOOOOOOO.XX......
009 OOOO......XX.....
010 ..........XX.....
011 ...........XXX...
012 .............XX..
013 .................
014 .................
Piece 2 3: x: 3 y: 2
**.
.**
size x: 19, y: 17
0000: 500 479 478 477 476 475 474 473 472 471 470 1469 1468 1467 1466 1465 1464 1463 482 
0001: 479 480 479 478 477 476 475 474 473 472 471 1470 1469 1468 1467 1466 1465 1464 463 
0002: 460 461 460 459 458 457 456 455 454 453 452 1451 1450 1449 1448 1447 1446 1445 444 
0003: 441 442 441 440 439 1438 1437 1436 1435 1434 1433 1432 1431 1430 1429 1428 1427 1426 425 
0004: 422 423 422 421 420 419 418 1417 1416 1415 1414 1413 1412 1411 410 409 408 407 406 
0005: 403 404 403 402 401 400 399 1398 397 396 395 394 393 392 391 390 389 388 387 
0006: 384 385 384 383 382 381 380 1379 1378 377 376 375 374 373 372 371 370 369 368 
0007: 365 366 365 364 363 362 361 1360 1359 1358 1357 1356 1355 354 353 352 351 350 349 
0008: 346 347 346 345 344 343 342 341 340 339 338 337 1336 335 334 333 332 331 330 
0009: 327 328 327 326 325 324 323 322 321 320 319 1318 1317 316 315 314 313 312 311 
0010: 308 309 308 307 306 305 304 303 302 301 300 299 1298 1297 296 295 294 293 292 
0011: 289 290 289 288 287 286 285 284 283 282 281 280 1279 1278 277 276 275 274 273 
0012: 270 271 270 269 268 267 266 265 264 263 262 261 260 1259 1258 1257 256 255 254 
0013: 251 252 251 250 249 248 247 246 245 244 243 242 241 240 239 1238 1237 236 235 
0014: 232 233 232 231 230 229 228 227 226 225 224 223 222 221 220 219 218 217 216 
0015: 213 214 213 212 211 210 209 208 207 206 205 204 203 202 201 200 199 198 197 
0016: 196 195 194 193 192 191 190 189 188 187 186 185 184 183 182 181 180 179 178 
x 7 y 8 z 280
8 7
rect x 0 y 0 h 2 w 3
Plateau 15 17: x: 17 y: 15
    01234567890123456
000 OOOOOOOOOXXXXXXX.
001 OOOOOOOOOXXXXXXX.
002 OOOXXXXXXXXXXXXX.
003 OOOOOXXXXXXXXXX..
004 OOOOOX......XXX..
005 OOOOOXX.....XX...
006 OOOOOXXXXXX......
007 OOOOOOOOOOX......
008 OOOOOOOOOXX......
009 OOOO....OOXX.....
010 ..........XX.....
011 ...........XXX...
012 .............XX..
013 .................
014 .................
Piece 2 3: x: 3 y: 2
***
***
size x: 19, y: 17
0000: 500 479 478 477 476 475 474 473 472 471 470 1469 1468 1467 1466 1465 1464 1463 482 
0001: 479 480 479 478 477 476 475 474 473 472 471 1470 1469 1468 1467 1466 1465 1464 463 
0002: 460 461 460 459 458 457 456 455 454 453 452 1451 1450 1449 1448 1447 1446 1445 444 
0003: 441 442 441 440 439 1438 1437 1436 1435 1434 1433 1432 1431 1430 1429 1428 1427 1426 425 
0004: 422 423 422 421 420 419 418 1417 1416 1415 1414 1413 1412 1411 1410 1409 1408 407 406 
0005: 403 404 403 402 401 400 399 1398 397 396 395 394 393 392 1391 1390 1389 388 387 
0006: 384 385 384 383 382 381 380 1379 1378 377 376 375 374 373 1372 1371 370 369 368 
0007: 365 366 365 364 363 362 361 1360 1359 1358 1357 1356 1355 354 353 352 351 350 349 
0008: 346 347 346 345 344 343 342 341 340 339 338 337 1336 335 334 333 332 331 330 
0009: 327 328 327 326 325 324 323 322 321 320 319 1318 1317 316 315 314 313 312 311 
0010: 308 309 308 307 306 305 304 303 302 301 300 299 1298 1297 296 295 294 293 292 
0011: 289 290 289 288 287 286 285 284 283 282 281 280 1279 1278 277 276 275 274 273 
0012: 270 271 270 269 268 267 266 265 264 263 262 261 260 1259 1258 1257 256 255 254 
0013: 251 252 251 250 249 248 247 246 245 244 243 242 241 240 239 1238 1237 236 235 
0014: 232 233 232 231 230 229 228 227 226 225 224 223 222 221 220 219 218 217 216 
0015: 213 214 213 212 211 210 209 208 207 206 205 204 203 202 201 200 199 198 197 
0016: 196 195 194 193 192 191 190 189 188 187 186 185 184 183 182 181 180 179 178 
x 3 y 9 z 265
9 3
rect x 0 y 0 h 1 w 3
Plateau 15 17: x: 17 y: 15
    01234567890123456
000 OOOOOOOOOXXXXXXX.
001 OOOOOOOOOXXXXXXX.
002 OOOXXXXXXXXXXXXX.
003 OOOOOXXXXXXXXXXX.
004 OOOOOX......XXX..
005 OOOOOXX.....XX...
006 OOOOOXXXXXX......
007 OOOOOOOOOOX......
008 OOOOOOOOOXX......
009 OOOOOO..OOXX.....
010 ...OOO....XX.....
011 ...........XXX...
012 .............XX..
013 .................
014 .................
Piece 1 3: x: 3 y: 1
***
size x: 19, y: 17
0000: 500 479 478 477 476 475 474 473 472 471 470 1469 1468 1467 1466 1465 1464 1463 482 
0001: 479 480 479 478 477 476 475 474 473 472 471 1470 1469 1468 1467 1466 1465 1464 463 
0002: 460 461 460 459 458 457 456 455 454 453 452 1451 1450 1449 1448 1447 1446 1445 444 
0003: 441 442 441 440 439 1438 1437 1436 1435 1434 1433 1432 1431 1430 1429 1428 1427 1426 425 
0004: 422 423 422 421 420 419 418 1417 1416 1415 1414 1413 1412 1411 1410 1409 1408 1407 406 
0005: 403 404 403 402 401 400 399 1398 397 396 395 394 393 392 1391 1390 1389 388 387 
0006: 384 385 384 383 382 381 380 1379 1378 377 376 375 374 373 1372 1371 370 369 368 
0007: 365 366 365 364 363 362 361 1360 1359 1358 1357 1356 1355 354 353 352 351 350 349 
0008: 346 347 346 345 344 343 342 341 340 339 338 337 1336 335 334 333 332 331 330 
0009: 327 328 327 326 325 324 323 322 321 320 319 1318 1317 316 315 314 313 312 311 
0010: 308 309 308 307 306 305 304 303 302 301 300 299 1298 1297 296 295 294 293 292 
0011: 289 290 289 288 287 286 285 284 283 282 281 280 1279 1278 277 276 275 274 273 
0012: 270 271 270 269 268 267 266 265 264 263 262 261 260 1259 1258 1257 256 255 254 
0013: 251 252 251 250 249 248 247 246 245 244 243 242 241 240 239 1238 1237 236 235 
0014: 232 233 232 231 230 229 228 227 226 225 224 223 222 221 220 219 218 217 216 
0015: 213 214 213 212 211 210 209 208 207 206 205 204 203 202 201 200 199 198 197 
0016: 196 195 194 193 192 191 190 189 188 187 186 185 184 183 182 181 180 179 178 
x 5 y 9 z 282
9 5
rect x 1 y 0 h 1 w 2
Plateau 15 17: x: 17 y: 15
    01234567890123456
000 OOOOOOOOOXXXXXXX.
001 OOOOOOOOOXXXXXXX.
002 OOOXXXXXXXXXXXXX.
003 OOOOOXXXXXXXXXXX.
004 OOOOOXX.....XXX..
005 OOOOOXX.....XX...
006 OOOOOXXXXXX......
007 OOOOOOOOOOX......
008 OOOOOOOOOXX......
009 OOOOOOOOOOXX.....
010 ...OOO....XX.....
011 ...........XXX...
012 .............XX..
013 .................
014 .................
Piece 1 3: x: 3 y: 1
.**
size x: 20, y: 17
0000: 500 478 477 476 475 474 473 472 471 470 469 468 1467 1466 1465 1464 1463 1462 1461 481 
0001: 478 479 478 477 476 475 474 473 472 471 470 469 1468 1467 1466 1465 1464 1463 1462 461 
0002: 458 459 458 457 456 455 454 453 452 451 450 449 1448 1447 1446 1445 1444 1443 1442 441 
0003: 438 439 438 437 436 435 1434 1433 1432 1431 1430 1429 1428 1427 1426 1425 1424 1423 1422 421 
0004: 418 419 418 417 416 415 414 413 1412 1411 1410 1409 1408 1407 1406 1405 1404 1403 1402 401 
0005: 398 399 398 397 396 395 394 393 1392 1391 390 389 388 387 386 1385 1384 1383 382 381 
0006: 378 379 378 377 376 375 374 373 1372 1371 370 369 368 367 366 1365 1364 363 362 361 
0007: 358 359 358 357 356 355 354 353 1352 1351 1350 1349 1348 1347 346 345 344 343 342 341 
0008: 338 339 338 337 336 335 334 333 332 331 330 329 328 1327 326 325 324 323 322 321 
0009: 318 319 318 317 316 315 314 313 312 311 310 309 1308 1307 306 305 304 303 302 301 
0010: 298 299 298 297 296 295 294 293 292 291 290 289 288 1287 1286 285 284 283 282 281 
0011: 278 279 278 277 276 275 274 273 272 271 270 269 268 1267 1266 265 264 263 262 261 
0012: 258 259 258 257 256 255 254 253 252 251 250 249 248 247 1246 1245 1244 243 242 241 
0013: 238 239 238 237 236 235 234 233 232 231 230 229 228 227 226 225 1224 1223 222 221 
0014: 218 219 218 217 216 215 214 213 212 211 210 209 208 207 206 205 204 203 202 201 
0015: 198 199 198 197 196 195 194 193 192 191 190 189 188 187 186 185 184 183 182 181 
0016: 180 179 178 177 176 175 174 173 172 171 170 169 168 167 166 165 164 163 162 161 
x 1 y 10 z 255
10 1
rect x 0 y 0 h 2 w 1
Plateau 15 17: x: 17 y: 15
    01234567890123456
000 OOOOOOOOOXXXXXXX.
001 OOOOOOOOOXXXXXXX.
002 OOOXXXXXXXXXXXXX.
003 OOOOOXXXXXXXXXXX.
004 OOOOOXXXX...XXX..
005 OOOOOXX.....XX...
006 OOOOOXXXXXX......
007 OOOOOOOOOOX......
008 OOOOOOOOOXX......
009 OOOOOOOOOOXX.....
010 ..OOOO....XX.....
011 ...........XXX...
012 .............XX..
013 .................
014 .................
Piece 2 1: x: 1 y: 2
*
*
size x: 19, y: 17
0000: 500 479 478 477 476 475 474 473 472 471 470 1469 1468 1467 1466 1465 1464 1463 482 
0001: 479 480 479 478 477 476 475 474 473 472 471 1470 1469 1468 1467 1466 1465 1464 463 
0002: 460 461 460 459 458 457 456 455 454 453 452 1451 1450 1449 1448 1447 1446 1445 444 
0003: 441 442 441 440 439 1438 1437 1436 1435 1434 1433 1432 1431 1430 1429 1428 1427 1426 425 
0004: 422 423 422 421 420 419 418 1417 1416 1415 1414 1413 1412 1411 1410 1409 1408 1407 406 
0005: 403 404 403 402 401 400 399 1398 1397 1396 1395 394 393 392 1391 1390 1389 388 387 
0006: 384 385 384 383 382 381 380 1379 1378 377 376 375 374 373 1372 1371 370 369 368 
0007: 365 366 365 364 363 362 361 1360 1359 1358 1357 1356 1355 354 353 352 351 350 349 
0008: 346 347 346 345 344 343 342 341 340 339 338 337 1336 335 334 333 332 331 330 
0009: 327 328 327 326 325 324 323 322 321 320 319 1318 1317 316 315 314 313 312 311 
0010: 308 309 308 307 306 305 304 303 302 301 300 299 1298 1297 296 295 294 293 292 
0011: 289 290 289 288 287 286 285 284 283 282 281 280 1279 1278 277 276 275 274 273 
0012: 270 271 270 269 268 267 266 265 264 263 262 261 260 1259 1258 1257 256 255 254 
0013: 251 252 251 250 249 248 247 246 245 244 243 242 241 240 239 1238 1237 236 235 
0014: 232 233 232 231 230 229 228 227 226 225 224 223 222 221 220 219 218 217 216 
0015: 213 214 213 212 211 210 209 208 207 206 205 204 203 202 201 200 199 198 197 
0016: 196 195 194 193 192 191 190 189 188 187 186 185 184 183 182 181 180 179 178 
x 0 y 9 z 270
9 0
rect x 0 y 0 h 2 w 1
Plateau 15 17: x: 17 y: 15
    01234567890123456
000 OOOOOOOOOXXXXXXX.
001 OOOOOOOOOXXXXXXX.
002 OOOXXXXXXXXXXXXX.
003 OOOOOXXXXXXXXXXX.
004 OOOOOXXXXX..XXX..
005 OOOOOXX.....XX...
006 OOOOOXXXXXX......
007 OOOOOOOOOOX......
008 OOOOOOOOOXX......
009 OOOOOOOOOOXX.....
010 O.OOOO....XX.....
011 ...........XXX...
012 .............XX..
013 .................
014 .................
Piece 2 1: x: 1 y: 2
*
*
size x: 19, y: 17
0000: 500 479 478 477 476 475 474 473 472 471 470 1469 1468 1467 1466 1465 1464 1463 482 
0001: 479 480 479 478 477 476 475 474 473 472 471 1470 1469 1468 1467 1466 1465 1464 463 
0002: 460 461 460 459 458 457 456 455 454 453 452 1451 1450 1449 1448 1447 1446 1445 444 
0003: 441 442 441 440 439 1438 1437 1436 1435 1434 1433 1432 1431 1430 1429 1428 1427 1426 425 
0004: 422 423 422 421 420 419 418 1417 1416 1415 1414 1413 1412 1411 1410 1409 1408 1407 406 
0005: 403 404 403 402 401 400 399 1398 1397 1396 1395 1394 393 392 1391 1390 1389 388 387 
0006: 384 385 384 383 382 381 380 1379 1378 377 376 375 374 373 1372 1371 370 369 368 
0007: 365 366 365 364 363 362 361 1360 1359 1358 1357 1356 1355 354 353 352 351 350 349 
0008: 346 347 346 345 344 343 342 341 340 339 338 337 1336 335 334 333 332 331 330 
0009: 327 328 327 326 325 324 323 322 321 320 319 1318 1317 316 315 314 313 312 311 
0010: 308 309 308 307 306 305 304 303 302 301 300 299 1298 1297 296 295 294 293 292 
0011: 289 290 289 288 287 286 285 284 283 282 281 280 1279 1278 277 276 275 274 273 
0012: 270 271 270 269 268 267 266 265 264 263 262 261 260 1259 1258 1257 256 255 254 
0013: 251 252 251 250 249 248 247 246 245 244 243 242 241 240 239 1238 1237 236 235 
0014: 232 233 232 231 230 229 228 227 226 225 224 223 222 221 220 219 218 217 216 
0015: 213 214 213 212 211 210 209 208 207 206 205 204 203 202 201 200 199 198 197 
0016: 196 195 194 193 192 191 190 189 188 187 186 185 184 183 182 181 180 179 178 
x 1 y 9 z 269
9 1
rect x 0 y 0 h 2 w 1
Plateau 15 17: x: 17 y: 15
    01234567890123456
000 OOOOOOOOOXXXXXXX.
001 OOOOOOOOOXXXXXXX.
002 OOOXXXXXXXXXXXXX.
003 OOOOOXXXXXXXXXXX.
004 OOOOOXXXXXX.XXX..
005 OOOOOXX.....XX...
006 OOOOOXXXXXX......
007 OOOOOOOOOOX......
008 OOOOOOOOOXX......
009 OOOOOOOOOOXX.....
010 OOOOOO....XX.....
011 ...........XXX...
012 .............XX..
013 .................
014 .................
Piece 2 1: x: 1 y: 2
*
*
size x: 19, y: 17
0000: 500 479 478 477 476 475 474 473 472 471 470 1469 1468 1467 1466 1465 1464 1463 482 
0001: 479 480 479 478 477 476 475 474 473 472 471 1470 1469 1468 1467 1466 1465 1464 463 
0002: 460 461 460 459 458 457 456 455 454 453 452 1451 1450 1449 1448 1447 1446 1445 444 
0003: 441 442 441 440 439 1438 1437 1436 1435 1434 1433 1432 1431 1430 1429 1428 1427 1426 425 
0004: 422 423 422 421 420 419 418 1417 1416 1415 1414 1413 1412 1411 1410 1409 1408 1407 406 
0005: 403 404 403 402 401 400 399 1398 1397 1396 1395 1394 1393 392 1391 1390 1389 388 387 
0006: 384 385 384 383 382 381 380 1379 1378 377 376 375 374 373 1372 1371 370 369 368 
0007: 365 366 365 364 363 362 361 1360 1359 1358 1357 1356 1355 354 353 352 351 350 349 
0008: 346 347 346 345 344 343 342 341 340 339 338 337 1336 335 334 333 332 331 330 
0009: 327 328 327 326 325 324 323 322 321 320 319 1318 1317 316 315 314 313 312 311 
0010: 308 309 308 307 306 305 304 303 302 301 300 299 1298 1297 296 295 294 293 292 
0011: 289 290 289 288 287 286 285 284 283 282 281 280 1279 1278 277 276 275 274 273 
0012: 270 271 270 269 268 267 266 265 264 263 262 261 260 1259 1258 1257 256 255 254 
0013: 251 252 251 250 249 248 247 246 245 244 243 242 241 240 239 1238 1237 236 235 
0014: 232 233 232 231 230 229 228 227 226 225 224 223 222 221 220 219 218 217 216 
0015: 213 214 213 212 211 210 209 208 207 206 205 204 203 202 201 200 199 198 197 
0016: 196 195 194 193 192 191 190 189 188 187 186 185 184 183 182 181 180 179 178 
x 6 y 9 z 264
9 6
rect x 0 y 0 h 2 w 3
Plateau 15 17: x: 17 y: 15
    01234567890123456
000 OOOOOOOOOXXXXXXX.
001 OOOOOOOOOXXXXXXX.
002 OOOXXXXXXXXXXXXX.
003 OOOOOXXXXXXXXXXX.
004 OOOOOXXXXXXXXXX..
005 OOOOOXX..XX.XX...
006 OOOOOXXXXXX......
007 OOOOOOOOOOX......
008 OOOOOOOOOXX......
009 OOOOOOOOOOXX.....
010 OOOOOOO...XX.....
011 ...........XXX...
012 .............XX..
013 .................
014 .................
Piece 2 3: x: 3 y: 2
.*.
***
size x: 19, y: 17
0000: 500 479 478 477 476 475 474 473 472 471 470 1469 1468 1467 1466 1465 1464 1463 482 
0001: 479 480 479 478 477 476 475 474 473 472 471 1470 1469 1468 1467 1466 1465 1464 463 
0002: 460 461 460 459 458 457 456 455 454 453 452 1451 1450 1449 1448 1447 1446 1445 444 
0003: 441 442 441 440 439 1438 1437 1436 1435 1434 1433 1432 1431 1430 1429 1428 1427 1426 425 
0004: 422 423 422 421 420 419 418 1417 1416 1415 1414 1413 1412 1411 1410 1409 1408 1407 406 
0005: 403 404 403 402 401 400 399 1398 1397 1396 1395 1394 1393 1392 1391 1390 1389 388 387 
0006: 384 385 384 383 382 381 380 1379 1378 377 376 1375 1374 373 1372 1371 370 369 368 
0007: 365 366 365 364 363 362 361 1360 1359 1358 1357 1356 1355 354 353 352 351 350 349 
0008: 346 347 346 345 344 343 342 341 340 339 338 337 1336 335 334 333 332 331 330 
0009: 327 328 327 326 325 324 323 322 321 320 319 1318 1317 316 315 314 313 312 311 
0010: 308 309 308 307 306 305 304 303 302 301 300 299 1298 1297 296 295 294 293 292 
0011: 289 290 289 288 287 286 285 284 283 282 281 280 1279 1278 277 276 275 274 273 
0012: 270 271 270 269 268 267 266 265 264 263 262 261 260 1259 1258 1257 256 255 254 
0013: 251 252 251 250 249 248 247 246 245 244 243 242 241 240 239 1238 1237 236 235 
0014: 232 233 232 231 230 229 228 227 226 225 224 223 222 221 220 219 218 217 216 
0015: 213 214 213 212 211 210 209 208 207 206 205 204 203 202 201 200 199 198 197 
0016: 196 195 194 193 192 191 190 189 188 187 186 185 184 183 182 181 180 179 178 
x 7 y 9 z 261
9 7
rect x 0 y 0 h 1 w 2
Plateau 15 17: x: 17 y: 15
    01234567890123456
000 OOOOOOOOOXXXXXXX.
001 OOOOOOOOOXXXXXXX.
002 OOOXXXXXXXXXXXXX.
003 OOOOOXXXXXXXXXXX.
004 OOOOOXXXXXXXXXXX.
005 OOOOOXX..XX.XX...
006 OOOOOXXXXXX......
007 OOOOOOOOOOX......
008 OOOOOOOOOXX......
009 OOOOOOOOOOXX.....
010 OOOOOOOOOOXX.....
011 ...........XXX...
012 .............XX..
013 .................
014 .................
Piece 1 2: x: 2 y: 1
**
size x: 19, y: 17
0000: 500 479 478 477 476 475 474 473 472 471 470 1469 1468 1467 1466 1465 1464 1463 482 
0001: 479 480 479 478 477 476 475 474 473 472 471 1470 1469 1468 1467 1466 1465 1464 463 
0002: 460 461 460 459 458 457 456 455 454 453 452 1451 1450 1449 1448 1447 1446 1445 444 
0003: 441 442 441 440 439 1438 1437 1436 1435 1434 1433 1432 1431 1430 1429 1428 1427 1426 425 
0004: 422 423 422 421 420 419 418 1417 1416 1415 1414 1413 1412 1411 1410 1409 1408 1407 406 
0005: 403 404 403 402 401 400 399 1398 1397 1396 1395 1394 1393 1392 1391 1390 1389 1388 387 
0006: 384 385 384 383 382 381 380 1379 1378 377 376 1375 1374 373 1372 1371 370 369 368 
0007: 365 366 365 364 363 362 361 1360 1359 1358 1357 1356 1355 354 353 352 351 350 349 
0008: 346 347 346 345 344 343 342 341 340 339 338 337 1336 335 334 333 332 331 330 
0009: 327 328 327 326 325 324 323 322 321 320 319 1318 1317 316 315 314 313 312 311 
0010: 308 309 308 307 306 305 304 303 302 301 300 299 1298 1297 296 295 294 293 292 
0011: 289 290 289 288 287 286 285 284 283 282 281 280 1279 1278 277 276 275 274 273 
0012: 270 271 270 269 268 267 266 265 264 263 262 261 260 1259 1258 1257 256 255 254 
0013: 251 252 251 250 249 248 247 246 245 244 243 242 241 240 239 1238 1237 236 235 
0014: 232 233 232 231 230 229 228 227 226 225 224 223 222 221 220 219 218 217 216 
0015: 213 214 213 212 211 210 209 208 207 206 205 204 203 202 201 200 199 198 197 
0016: 196 195 194 193 192 191 190 189 188 187 186 185 184 183 182 181 180 179 178 
x 0 y 0 z -1
0 0
