$$$ exec p1 : [../anestor.filler]
rect x 0 y 0 h 2 w 1
Plateau 15 17: x: 17 y: 15
    01234567890123456
000 .................
001 .................
002 .................
003 .................
004 .................
005 .................
006 .................
007 .................
008 ..O..............
009 .................
010 .................
011 .................
012 ..............X..
013 .................
014 .................
Piece 2 1: x: 1 y: 2
*
*
highest 0 enemy X rect.x 0 rect.y 0
highest pos x 14 y 12
size x: 17, y: 15
0000: 26 25 24 23 22 21 20 19 18 17 16 15 14 13 12 13 14 
0001: 25 24 23 22 21 20 19 18 17 16 15 14 13 12 11 12 13 
0002: 24 23 22 21 20 19 18 17 16 15 14 13 12 11 10 11 12 
0003: 23 22 21 20 19 18 17 16 15 14 13 12 11 10 9 10 11 
0004: 22 21 20 19 18 17 16 15 14 13 12 11 10 9 8 9 10 
0005: 21 20 19 18 17 16 15 14 13 12 11 10 9 8 7 8 9 
0006: 20 19 18 17 16 15 14 13 12 11 10 9 8 7 6 7 8 
0007: 19 18 17 16 15 14 13 12 11 10 9 8 7 6 5 6 7 
0008: 18 17 16 15 14 13 12 11 10 9 8 7 6 5 4 5 6 
0009: 17 16 15 14 13 12 11 10 9 8 7 6 5 4 3 4 5 
0010: 16 15 14 13 12 11 10 9 8 7 6 5 4 3 2 3 4 
0011: 15 14 13 12 11 10 9 8 7 6 5 4 3 2 1 2 3 
0012: 14 13 12 11 10 9 8 7 6 5 4 3 2 1 0 1 2 
0013: 15 14 13 12 11 10 9 8 7 6 5 4 3 2 1 2 3 
0014: 16 15 14 13 12 11 10 9 8 7 6 5 4 3 2 3 4 
e_pos x 14 y 12
is seg here?
no its not
is seg here?
no its not
x 2 y 8 z 13
8 2
rect x 0 y 0 h 1 w 2
Plateau 15 17: x: 17 y: 15
    01234567890123456
000 .................
001 .................
002 .................
003 .................
004 .................
005 .................
006 .................
007 .................
008 ..O..............
009 ..O..............
010 .................
011 .................
012 ............XXX..
013 .................
014 .................
Piece 1 3: x: 3 y: 1
**.
highest 0 enemy X rect.x 0 rect.y 0
highest pos x 14 y 12
size x: 17, y: 15
0000: 26 25 24 23 22 21 20 19 18 17 16 15 14 13 12 13 14 
0001: 25 24 23 22 21 20 19 18 17 16 15 14 13 12 11 12 13 
0002: 24 23 22 21 20 19 18 17 16 15 14 13 12 11 10 11 12 
0003: 23 22 21 20 19 18 17 16 15 14 13 12 11 10 9 10 11 
0004: 22 21 20 19 18 17 16 15 14 13 12 11 10 9 8 9 10 
0005: 21 20 19 18 17 16 15 14 13 12 11 10 9 8 7 8 9 
0006: 20 19 18 17 16 15 14 13 12 11 10 9 8 7 6 7 8 
0007: 19 18 17 16 15 14 13 12 11 10 9 8 7 6 5 6 7 
0008: 18 17 16 15 14 13 12 11 10 9 8 7 6 5 4 5 6 
0009: 17 16 15 14 13 12 11 10 9 8 7 6 5 4 3 4 5 
0010: 16 15 14 13 12 11 10 9 8 7 6 5 4 3 2 3 4 
0011: 15 14 13 12 11 10 9 8 7 6 5 4 3 2 1 2 3 
0012: 14 13 12 11 10 9 8 7 6 5 4 3 2 1 0 1 2 
0013: 15 14 13 12 11 10 9 8 7 6 5 4 3 2 1 2 3 
0014: 16 15 14 13 12 11 10 9 8 7 6 5 4 3 2 3 4 
e_pos x 14 y 12
is seg here?
no its not
is seg here?
no its not
is seg here?
no its not
is seg here?
no its not
x 2 y 9 z 12
9 2
rect x 1 y 0 h 1 w 2
Plateau 15 17: x: 17 y: 15
    01234567890123456
000 .................
001 .................
002 .................
003 .................
004 .................
005 .................
006 .................
007 .................
008 ..O..............
009 ..OO.............
010 .................
011 .................
012 ...........XXXX..
013 .................
014 .................
Piece 1 3: x: 3 y: 1
.**
highest 0 enemy X rect.x 1 rect.y 0
highest pos x 14 y 12
size x: 18, y: 15
0000: 26 25 24 23 22 21 20 19 18 17 16 15 14 13 12 13 14 15 
0001: 25 24 23 22 21 20 19 18 17 16 15 14 13 12 11 12 13 14 
0002: 24 23 22 21 20 19 18 17 16 15 14 13 12 11 10 11 12 13 
0003: 23 22 21 20 19 18 17 16 15 14 13 12 11 10 9 10 11 12 
0004: 22 21 20 19 18 17 16 15 14 13 12 11 10 9 8 9 10 11 
0005: 21 20 19 18 17 16 15 14 13 12 11 10 9 8 7 8 9 10 
0006: 20 19 18 17 16 15 14 13 12 11 10 9 8 7 6 7 8 9 
0007: 19 18 17 16 15 14 13 12 11 10 9 8 7 6 5 6 7 8 
0008: 18 17 16 15 14 13 12 11 10 9 8 7 6 5 4 5 6 7 
0009: 17 16 15 14 13 12 11 10 9 8 7 6 5 4 3 4 5 6 
0010: 16 15 14 13 12 11 10 9 8 7 6 5 4 3 2 3 4 5 
0011: 15 14 13 12 11 10 9 8 7 6 5 4 3 2 1 2 3 4 
0012: 14 13 12 11 10 9 8 7 6 5 4 3 2 1 0 1 2 3 
0013: 15 14 13 12 11 10 9 8 7 6 5 4 3 2 1 2 3 4 
0014: 16 15 14 13 12 11 10 9 8 7 6 5 4 3 2 3 4 5 
e_pos x 14 y 12
is seg here?
no its not
is seg here?
no its not
is seg here?
no its not
is seg here?
no its not
x 2 y 9 z 11
9 2
rect x 1 y 0 h 1 w 2
Plateau 15 17: x: 17 y: 15
    01234567890123456
000 .................
001 .................
002 .................
003 .................
004 .................
005 .................
006 .................
007 .................
008 ..O..............
009 ..OOO............
010 .................
011 .................
012 ..........XXXXX..
013 .................
014 .................
Piece 1 3: x: 3 y: 1
.**
highest 0 enemy X rect.x 1 rect.y 0
highest pos x 14 y 12
size x: 18, y: 15
0000: 26 25 24 23 22 21 20 19 18 17 16 15 14 13 12 13 14 15 
0001: 25 24 23 22 21 20 19 18 17 16 15 14 13 12 11 12 13 14 
0002: 24 23 22 21 20 19 18 17 16 15 14 13 12 11 10 11 12 13 
0003: 23 22 21 20 19 18 17 16 15 14 13 12 11 10 9 10 11 12 
0004: 22 21 20 19 18 17 16 15 14 13 12 11 10 9 8 9 10 11 
0005: 21 20 19 18 17 16 15 14 13 12 11 10 9 8 7 8 9 10 
0006: 20 19 18 17 16 15 14 13 12 11 10 9 8 7 6 7 8 9 
0007: 19 18 17 16 15 14 13 12 11 10 9 8 7 6 5 6 7 8 
0008: 18 17 16 15 14 13 12 11 10 9 8 7 6 5 4 5 6 7 
0009: 17 16 15 14 13 12 11 10 9 8 7 6 5 4 3 4 5 6 
0010: 16 15 14 13 12 11 10 9 8 7 6 5 4 3 2 3 4 5 
0011: 15 14 13 12 11 10 9 8 7 6 5 4 3 2 1 2 3 4 
0012: 14 13 12 11 10 9 8 7 6 5 4 3 2 1 0 1 2 3 
0013: 15 14 13 12 11 10 9 8 7 6 5 4 3 2 1 2 3 4 
0014: 16 15 14 13 12 11 10 9 8 7 6 5 4 3 2 3 4 5 
e_pos x 14 y 12
is seg here?
no its not
is seg here?
no its not
is seg here?
no its not
is seg here?
no its not
x 3 y 9 z 10
9 3
rect x 0 y 0 h 2 w 1
Plateau 15 17: x: 17 y: 15
    01234567890123456
000 .................
001 .................
002 .................
003 .................
004 .................
005 .................
006 .................
007 .................
008 ..O..............
009 ..OOOO...........
010 .................
011 .................
012 ........XXXXXXX..
013 .................
014 .................
Piece 2 2: x: 2 y: 2
*.
*.
highest 0 enemy X rect.x 0 rect.y 0
highest pos x 14 y 12
size x: 17, y: 15
0000: 26 25 24 23 22 21 20 19 18 17 16 15 14 13 12 13 14 
0001: 25 24 23 22 21 20 19 18 17 16 15 14 13 12 11 12 13 
0002: 24 23 22 21 20 19 18 17 16 15 14 13 12 11 10 11 12 
0003: 23 22 21 20 19 18 17 16 15 14 13 12 11 10 9 10 11 
0004: 22 21 20 19 18 17 16 15 14 13 12 11 10 9 8 9 10 
0005: 21 20 19 18 17 16 15 14 13 12 11 10 9 8 7 8 9 
0006: 20 19 18 17 16 15 14 13 12 11 10 9 8 7 6 7 8 
0007: 19 18 17 16 15 14 13 12 11 10 9 8 7 6 5 6 7 
0008: 18 17 16 15 14 13 12 11 10 9 8 7 6 5 4 5 6 
0009: 17 16 15 14 13 12 11 10 9 8 7 6 5 4 3 4 5 
0010: 16 15 14 13 12 11 10 9 8 7 6 5 4 3 2 3 4 
0011: 15 14 13 12 11 10 9 8 7 6 5 4 3 2 1 2 3 
0012: 14 13 12 11 10 9 8 7 6 5 4 3 2 1 0 1 2 
0013: 15 14 13 12 11 10 9 8 7 6 5 4 3 2 1 2 3 
0014: 16 15 14 13 12 11 10 9 8 7 6 5 4 3 2 3 4 
e_pos x 14 y 12
is seg here?
no its not
is seg here?
no its not
is seg here?
no its not
is seg here?
no its not
is seg here?
no its not
is seg here?
no its not
is seg here?
no its not
is seg here?
no its not
x 5 y 9 z 9
9 5
rect x 1 y 1 h 1 w 2
Plateau 15 17: x: 17 y: 15
    01234567890123456
000 .................
001 .................
002 .................
003 .................
004 .................
005 .................
006 .................
007 .................
008 ..O..............
009 ..OOOO...........
010 .....O...........
011 .......X.........
012 ......XXXXXXXXX..
013 .................
014 .................
Piece 2 3: x: 3 y: 2
...
.**
highest 0 enemy X rect.x 1 rect.y 1
highest pos x 14 y 12
size x: 18, y: 16
0000: 26 25 24 23 22 21 20 19 18 17 16 15 14 13 12 13 14 15 
0001: 25 24 23 22 21 20 19 18 17 16 15 14 13 12 11 12 13 14 
0002: 24 23 22 21 20 19 18 17 16 15 14 13 12 11 10 11 12 13 
0003: 23 22 21 20 19 18 17 16 15 14 13 12 11 10 9 10 11 12 
0004: 22 21 20 19 18 17 16 15 14 13 12 11 10 9 8 9 10 11 
0005: 21 20 19 18 17 16 15 14 13 12 11 10 9 8 7 8 9 10 
0006: 20 19 18 17 16 15 14 13 12 11 10 9 8 7 6 7 8 9 
0007: 19 18 17 16 15 14 13 12 11 10 9 8 7 6 5 6 7 8 
0008: 18 17 16 15 14 13 12 11 10 9 8 7 6 5 4 5 6 7 
0009: 17 16 15 14 13 12 11 10 9 8 7 6 5 4 3 4 5 6 
0010: 16 15 14 13 12 11 10 9 8 7 6 5 4 3 2 3 4 5 
0011: 15 14 13 12 11 10 9 8 7 6 5 4 3 2 1 2 3 4 
0012: 14 13 12 11 10 9 8 7 6 5 4 3 2 1 0 1 2 3 
0013: 15 14 13 12 11 10 9 8 7 6 5 4 3 2 1 2 3 4 
0014: 16 15 14 13 12 11 10 9 8 7 6 5 4 3 2 3 4 5 
0015: 17 16 15 14 13 12 11 10 9 8 7 6 5 4 3 4 5 6 
e_pos x 14 y 12
is seg here?
no its not
is seg here?
no its not
is seg here?
no its not
is seg here?
no its not
is seg here?
no its not
is seg here?
no its not
x 4 y 9 z 8
9 4
rect x 0 y 0 h 1 w 2
Plateau 15 17: x: 17 y: 15
    01234567890123456
000 .................
001 .................
002 .................
003 .................
004 .................
005 .................
006 .................
007 .................
008 ..O..............
009 ..OOOO...........
010 .....OOX.........
011 .......XX........
012 ......XXXXXXXXX..
013 .................
014 .................
Piece 1 2: x: 2 y: 1
**
highest 8 enemy X rect.x 0 rect.y 0
highest pos x 14 y 12
size x: 17, y: 15
0000: 26 25 24 23 22 21 20 19 18 17 16 15 14 13 12 13 14 
0001: 25 24 23 22 21 20 19 18 17 16 15 14 13 12 11 12 13 
0002: 24 23 22 21 20 19 18 17 16 15 14 13 12 11 10 11 12 
0003: 23 22 21 20 19 18 17 16 15 14 13 12 11 10 9 10 11 
0004: 22 21 20 19 18 17 16 15 14 13 12 11 10 9 8 9 10 
0005: 21 20 19 18 17 16 15 14 13 12 11 10 9 8 7 8 9 
0006: 20 19 18 17 16 15 14 13 12 11 10 9 8 7 6 7 8 
0007: 19 18 17 16 15 14 13 12 11 10 9 8 7 6 5 6 7 
0008: 18 17 16 15 14 13 12 11 10 9 8 7 6 5 4 5 6 
0009: 17 16 15 14 13 12 11 10 9 8 7 6 5 4 3 4 5 
0010: 16 15 14 13 12 11 10 9 8 7 6 5 4 3 2 3 4 
0011: 15 14 13 12 11 10 9 8 7 6 5 4 3 2 1 2 3 
0012: 14 13 12 11 10 9 8 7 6 5 4 3 2 1 0 1 2 
0013: 15 14 13 12 11 10 9 8 7 6 5 4 3 2 1 2 3 
0014: 16 15 14 13 12 11 10 9 8 7 6 5 4 3 2 3 4 
e_pos x 14 y 12
is seg here?
no its not
is seg here?
no its not
is seg here?
no its not
is seg here?
no its not
is seg here?
no its not
x 5 y 9 z 9
9 5
rect x 0 y 0 h 1 w 2
Plateau 15 17: x: 17 y: 15
    01234567890123456
000 .................
001 .................
002 .................
003 .................
004 .................
005 .................
006 .................
007 .................
008 ..O..............
009 ..OOOOO..........
010 .....OOXX........
011 .......XX........
012 ......XXXXXXXXX..
013 .................
014 .................
Piece 1 2: x: 2 y: 1
**
highest 8 enemy X rect.x 0 rect.y 0
highest pos x 14 y 12
size x: 17, y: 15
0000: 26 25 24 23 22 21 20 19 18 17 16 15 14 13 12 13 14 
0001: 25 24 23 22 21 20 19 18 17 16 15 14 13 12 11 12 13 
0002: 24 23 22 21 20 19 18 17 16 15 14 13 12 11 10 11 12 
0003: 23 22 21 20 19 18 17 16 15 14 13 12 11 10 9 10 11 
0004: 22 21 20 19 18 17 16 15 14 13 12 11 10 9 8 9 10 
0005: 21 20 19 18 17 16 15 14 13 12 11 10 9 8 7 8 9 
0006: 20 19 18 17 16 15 14 13 12 11 10 9 8 7 6 7 8 
0007: 19 18 17 16 15 14 13 12 11 10 9 8 7 6 5 6 7 
0008: 18 17 16 15 14 13 12 11 10 9 8 7 6 5 4 5 6 
0009: 17 16 15 14 13 12 11 10 9 8 7 6 5 4 3 4 5 
0010: 16 15 14 13 12 11 10 9 8 7 6 5 4 3 2 3 4 
0011: 15 14 13 12 11 10 9 8 7 6 5 4 3 2 1 2 3 
0012: 14 13 12 11 10 9 8 7 6 5 4 3 2 1 0 1 2 
0013: 15 14 13 12 11 10 9 8 7 6 5 4 3 2 1 2 3 
0014: 16 15 14 13 12 11 10 9 8 7 6 5 4 3 2 3 4 
e_pos x 14 y 12
is seg here?
no its not
is seg here?
no its not
is seg here?
no its not
is seg here?
no its not
is seg here?
no its not
x 6 y 9 z 8
9 6
rect x 0 y 0 h 1 w 3
Plateau 15 17: x: 17 y: 15
    01234567890123456
000 .................
001 .................
002 .................
003 .................
004 .................
005 .................
006 .................
007 .................
008 ..O..............
009 ..OOOOOOX........
010 .....OOXXX.......
011 .......XX........
012 ......XXXXXXXXX..
013 .................
014 .................
Piece 1 3: x: 3 y: 1
***
highest 9 enemy X rect.x 0 rect.y 0
highest pos x 14 y 12
size x: 17, y: 15
0000: 26 25 24 23 22 21 20 19 18 17 16 15 14 13 12 13 14 
0001: 25 24 23 22 21 20 19 18 17 16 15 14 13 12 11 12 13 
0002: 24 23 22 21 20 19 18 17 16 15 14 13 12 11 10 11 12 
0003: 23 22 21 20 19 18 17 16 15 14 13 12 11 10 9 10 11 
0004: 22 21 20 19 18 17 16 15 14 13 12 11 10 9 8 9 10 
0005: 21 20 19 18 17 16 15 14 13 12 11 10 9 8 7 8 9 
0006: 20 19 18 17 16 15 14 13 12 11 10 9 8 7 6 7 8 
0007: 19 18 17 16 15 14 13 12 11 10 9 8 7 6 5 6 7 
0008: 18 17 16 15 14 13 12 11 10 9 8 7 6 5 4 5 6 
0009: 17 16 15 14 13 12 11 10 9 8 7 6 5 4 3 4 5 
0010: 16 15 14 13 12 11 10 9 8 7 6 5 4 3 2 3 4 
0011: 15 14 13 12 11 10 9 8 7 6 5 4 3 2 1 2 3 
0012: 14 13 12 11 10 9 8 7 6 5 4 3 2 1 0 1 2 
0013: 15 14 13 12 11 10 9 8 7 6 5 4 3 2 1 2 3 
0014: 16 15 14 13 12 11 10 9 8 7 6 5 4 3 2 3 4 
e_pos x 14 y 12
is seg here?
no its not
is seg here?
no its not
is seg here?
no its not
is seg here?
no its not
is seg here?
no its not
x 3 y 10 z 9
10 3
rect x 0 y 0 h 1 w 2
Plateau 15 17: x: 17 y: 15
    01234567890123456
000 .................
001 .................
002 .................
003 .................
004 .................
005 .................
006 .................
007 .................
008 ..O..............
009 ..OOOOOOXX.......
010 ...OOOOXXX.......
011 .......XX........
012 ......XXXXXXXXX..
013 .................
014 .................
Piece 1 2: x: 2 y: 1
**
highest 9 enemy X rect.x 0 rect.y 0
highest pos x 14 y 12
size x: 17, y: 15
0000: 26 25 24 23 22 21 20 19 18 17 16 15 14 13 12 13 14 
0001: 25 24 23 22 21 20 19 18 17 16 15 14 13 12 11 12 13 
0002: 24 23 22 21 20 19 18 17 16 15 14 13 12 11 10 11 12 
0003: 23 22 21 20 19 18 17 16 15 14 13 12 11 10 9 10 11 
0004: 22 21 20 19 18 17 16 15 14 13 12 11 10 9 8 9 10 
0005: 21 20 19 18 17 16 15 14 13 12 11 10 9 8 7 8 9 
0006: 20 19 18 17 16 15 14 13 12 11 10 9 8 7 6 7 8 
0007: 19 18 17 16 15 14 13 12 11 10 9 8 7 6 5 6 7 
0008: 18 17 16 15 14 13 12 11 10 9 8 7 6 5 4 5 6 
0009: 17 16 15 14 13 12 11 10 9 8 7 6 5 4 3 4 5 
0010: 16 15 14 13 12 11 10 9 8 7 6 5 4 3 2 3 4 
0011: 15 14 13 12 11 10 9 8 7 6 5 4 3 2 1 2 3 
0012: 14 13 12 11 10 9 8 7 6 5 4 3 2 1 0 1 2 
0013: 15 14 13 12 11 10 9 8 7 6 5 4 3 2 1 2 3 
0014: 16 15 14 13 12 11 10 9 8 7 6 5 4 3 2 3 4 
e_pos x 14 y 12
is seg here?
no its not
is seg here?
no its not
is seg here?
no its not
is seg here?
no its not
x 2 y 10 z 11
10 2
rect x 0 y 1 h 1 w 2
Plateau 15 17: x: 17 y: 15
    01234567890123456
000 .................
001 .................
002 .................
003 .................
004 .................
005 .................
006 .................
007 .................
008 ..O.......X......
009 ..OOOOOOXXX......
010 ..OOOOOXXX.......
011 .......XX........
012 ......XXXXXXXXX..
013 .................
014 .................
Piece 2 3: x: 3 y: 2
...
**.
highest 8 enemy X rect.x 0 rect.y 1
highest pos x 14 y 12
size x: 17, y: 16
0000: 26 25 24 23 22 21 20 19 18 17 16 15 14 13 12 13 14 
0001: 25 24 23 22 21 20 19 18 17 16 15 14 13 12 11 12 13 
0002: 24 23 22 21 20 19 18 17 16 15 14 13 12 11 10 11 12 
0003: 23 22 21 20 19 18 17 16 15 14 13 12 11 10 9 10 11 
0004: 22 21 20 19 18 17 16 15 14 13 12 11 10 9 8 9 10 
0005: 21 20 19 18 17 16 15 14 13 12 11 10 9 8 7 8 9 
0006: 20 19 18 17 16 15 14 13 12 11 10 9 8 7 6 7 8 
0007: 19 18 17 16 15 14 13 12 11 10 9 8 7 6 5 6 7 
0008: 18 17 16 15 14 13 12 11 10 9 8 7 6 5 4 5 6 
0009: 17 16 15 14 13 12 11 10 9 8 7 6 5 4 3 4 5 
0010: 16 15 14 13 12 11 10 9 8 7 6 5 4 3 2 3 4 
0011: 15 14 13 12 11 10 9 8 7 6 5 4 3 2 1 2 3 
0012: 14 13 12 11 10 9 8 7 6 5 4 3 2 1 0 1 2 
0013: 15 14 13 12 11 10 9 8 7 6 5 4 3 2 1 2 3 
0014: 16 15 14 13 12 11 10 9 8 7 6 5 4 3 2 3 4 
0015: 17 16 15 14 13 12 11 10 9 8 7 6 5 4 3 4 5 
e_pos x 14 y 12
is seg here?
no its not
is seg here?
no its not
is seg here?
no its not
is seg here?
no its not
x 1 y 9 z 12
9 1
rect x 0 y 0 h 1 w 2
Plateau 15 17: x: 17 y: 15
    01234567890123456
000 .................
001 .................
002 .................
003 .................
004 .................
005 .................
006 .................
007 .........XX......
008 ..O......XX......
009 ..OOOOOOXXX......
010 .OOOOOOXXX.......
011 .......XX........
012 ......XXXXXXXXX..
013 .................
014 .................
Piece 2 2: x: 2 y: 2
**
..
highest 9 enemy X rect.x 0 rect.y 0
highest pos x 14 y 12
size x: 17, y: 15
0000: 26 25 24 23 22 21 20 19 18 17 16 15 14 13 12 13 14 
0001: 25 24 23 22 21 20 19 18 17 16 15 14 13 12 11 12 13 
0002: 24 23 22 21 20 19 18 17 16 15 14 13 12 11 10 11 12 
0003: 23 22 21 20 19 18 17 16 15 14 13 12 11 10 9 10 11 
0004: 22 21 20 19 18 17 16 15 14 13 12 11 10 9 8 9 10 
0005: 21 20 19 18 17 16 15 14 13 12 11 10 9 8 7 8 9 
0006: 20 19 18 17 16 15 14 13 12 11 10 9 8 7 6 7 8 
0007: 19 18 17 16 15 14 13 12 11 10 9 8 7 6 5 6 7 
0008: 18 17 16 15 14 13 12 11 10 9 8 7 6 5 4 5 6 
0009: 17 16 15 14 13 12 11 10 9 8 7 6 5 4 3 4 5 
0010: 16 15 14 13 12 11 10 9 8 7 6 5 4 3 2 3 4 
0011: 15 14 13 12 11 10 9 8 7 6 5 4 3 2 1 2 3 
0012: 14 13 12 11 10 9 8 7 6 5 4 3 2 1 0 1 2 
0013: 15 14 13 12 11 10 9 8 7 6 5 4 3 2 1 2 3 
0014: 16 15 14 13 12 11 10 9 8 7 6 5 4 3 2 3 4 
e_pos x 14 y 12
is seg here?
no its not
is seg here?
no its not
is seg here?
no its not
is seg here?
no its not
x 2 y 8 z 13
8 2
rect x 1 y 0 h 1 w 2
Plateau 15 17: x: 17 y: 15
    01234567890123456
000 .................
001 .................
002 .................
003 .................
004 .................
005 .................
006 .................
007 ........XXX......
008 ..OO.....XX......
009 ..OOOOOOXXX......
010 .OOOOOOXXX.......
011 .......XX........
012 ......XXXXXXXXX..
013 .................
014 .................
Piece 1 3: x: 3 y: 1
.**
highest 7 enemy X rect.x 1 rect.y 0
highest pos x 14 y 12
size x: 18, y: 15
0000: 26 25 24 23 22 21 20 19 18 17 16 15 14 13 12 13 14 15 
0001: 25 24 23 22 21 20 19 18 17 16 15 14 13 12 11 12 13 14 
0002: 24 23 22 21 20 19 18 17 16 15 14 13 12 11 10 11 12 13 
0003: 23 22 21 20 19 18 17 16 15 14 13 12 11 10 9 10 11 12 
0004: 22 21 20 19 18 17 16 15 14 13 12 11 10 9 8 9 10 11 
0005: 21 20 19 18 17 16 15 14 13 12 11 10 9 8 7 8 9 10 
0006: 20 19 18 17 16 15 14 13 12 11 10 9 8 7 6 7 8 9 
0007: 19 18 17 16 15 14 13 12 11 10 9 8 7 6 5 6 7 8 
0008: 18 17 16 15 14 13 12 11 10 9 8 7 6 5 4 5 6 7 
0009: 17 16 15 14 13 12 11 10 9 8 7 6 5 4 3 4 5 6 
0010: 16 15 14 13 12 11 10 9 8 7 6 5 4 3 2 3 4 5 
0011: 15 14 13 12 11 10 9 8 7 6 5 4 3 2 1 2 3 4 
0012: 14 13 12 11 10 9 8 7 6 5 4 3 2 1 0 1 2 3 
0013: 15 14 13 12 11 10 9 8 7 6 5 4 3 2 1 2 3 4 
0014: 16 15 14 13 12 11 10 9 8 7 6 5 4 3 2 3 4 5 
e_pos x 14 y 12
is seg here?
no its not
is seg here?
no its not
is seg here?
no its not
is seg here?
no its not
x 2 y 8 z 12
8 2
rect x 0 y 0 h 1 w 3
Plateau 15 17: x: 17 y: 15
    01234567890123456
000 .................
001 .................
002 .................
003 .................
004 .................
005 .................
006 ......XX.........
007 ......XXXXX......
008 ..OOO....XX......
009 ..OOOOOOXXX......
010 .OOOOOOXXX.......
011 .......XX........
012 ......XXXXXXXXX..
013 .................
014 .................
Piece 1 3: x: 3 y: 1
***
highest 9 enemy X rect.x 0 rect.y 0
highest pos x 14 y 12
size x: 17, y: 15
0000: 26 25 24 23 22 21 20 19 18 17 16 15 14 13 12 13 14 
0001: 25 24 23 22 21 20 19 18 17 16 15 14 13 12 11 12 13 
0002: 24 23 22 21 20 19 18 17 16 15 14 13 12 11 10 11 12 
0003: 23 22 21 20 19 18 17 16 15 14 13 12 11 10 9 10 11 
0004: 22 21 20 19 18 17 16 15 14 13 12 11 10 9 8 9 10 
0005: 21 20 19 18 17 16 15 14 13 12 11 10 9 8 7 8 9 
0006: 20 19 18 17 16 15 14 13 12 11 10 9 8 7 6 7 8 
0007: 19 18 17 16 15 14 13 12 11 10 9 8 7 6 5 6 7 
0008: 18 17 16 15 14 13 12 11 10 9 8 7 6 5 4 5 6 
0009: 17 16 15 14 13 12 11 10 9 8 7 6 5 4 3 4 5 
0010: 16 15 14 13 12 11 10 9 8 7 6 5 4 3 2 3 4 
0011: 15 14 13 12 11 10 9 8 7 6 5 4 3 2 1 2 3 
0012: 14 13 12 11 10 9 8 7 6 5 4 3 2 1 0 1 2 
0013: 15 14 13 12 11 10 9 8 7 6 5 4 3 2 1 2 3 
0014: 16 15 14 13 12 11 10 9 8 7 6 5 4 3 2 3 4 
e_pos x 14 y 12
is seg here?
no its not
is seg here?
no its not
is seg here?
no its not
x 4 y 8 z 10
8 4
rect x 0 y 0 h 1 w 3
Plateau 15 17: x: 17 y: 15
    01234567890123456
000 .................
001 .................
002 .................
003 .................
004 .................
005 ......X..........
006 ......XX.........
007 ......XXXXX......
008 ..OOOOO..XX......
009 ..OOOOOOXXX......
010 .OOOOOOXXX.......
011 .......XX........
012 ......XXXXXXXXX..
013 .................
014 .................
Piece 1 3: x: 3 y: 1
***
highest 9 enemy X rect.x 0 rect.y 0
highest pos x 14 y 12
size x: 17, y: 15
0000: 26 25 24 23 22 21 20 19 18 17 16 15 14 13 12 13 14 
0001: 25 24 23 22 21 20 19 18 17 16 15 14 13 12 11 12 13 
0002: 24 23 22 21 20 19 18 17 16 15 14 13 12 11 10 11 12 
0003: 23 22 21 20 19 18 17 16 15 14 13 12 11 10 9 10 11 
0004: 22 21 20 19 18 17 16 15 14 13 12 11 10 9 8 9 10 
0005: 21 20 19 18 17 16 15 14 13 12 11 10 9 8 7 8 9 
0006: 20 19 18 17 16 15 14 13 12 11 10 9 8 7 6 7 8 
0007: 19 18 17 16 15 14 13 12 11 10 9 8 7 6 5 6 7 
0008: 18 17 16 15 14 13 12 11 10 9 8 7 6 5 4 5 6 
0009: 17 16 15 14 13 12 11 10 9 8 7 6 5 4 3 4 5 
0010: 16 15 14 13 12 11 10 9 8 7 6 5 4 3 2 3 4 
0011: 15 14 13 12 11 10 9 8 7 6 5 4 3 2 1 2 3 
0012: 14 13 12 11 10 9 8 7 6 5 4 3 2 1 0 1 2 
0013: 15 14 13 12 11 10 9 8 7 6 5 4 3 2 1 2 3 
0014: 16 15 14 13 12 11 10 9 8 7 6 5 4 3 2 3 4 
e_pos x 14 y 12
is seg here?
no its not
is seg here?
no its not
is seg here?
no its not
x 6 y 8 z 8
8 6
rect x 0 y 0 h 2 w 2
Plateau 15 17: x: 17 y: 15
    01234567890123456
000 .................
001 .................
002 .................
003 .................
004 .................
005 .....XX..........
006 ......XX.........
007 ......XXXXX......
008 ..OOOOOOOXX......
009 ..OOOOOOXXX......
010 .OOOOOOXXX.......
011 .......XX........
012 ......XXXXXXXXX..
013 .................
014 .................
Piece 2 2: x: 2 y: 2
.*
**
highest 13 enemy X rect.x 0 rect.y 0
highest pos x 14 y 12
size x: 17, y: 15
0000: 26 25 24 23 22 21 20 19 18 17 16 15 14 13 12 13 14 
0001: 25 24 23 22 21 20 19 18 17 16 15 14 13 12 11 12 13 
0002: 24 23 22 21 20 19 18 17 16 15 14 13 12 11 10 11 12 
0003: 23 22 21 20 19 18 17 16 15 14 13 12 11 10 9 10 11 
0004: 22 21 20 19 18 17 16 15 14 13 12 11 10 9 8 9 10 
0005: 21 20 19 18 17 16 15 14 13 12 11 10 9 8 7 8 9 
0006: 20 19 18 17 16 15 14 13 12 11 10 9 8 7 6 7 8 
0007: 19 18 17 16 15 14 13 12 11 10 9 8 7 6 5 6 7 
0008: 18 17 16 15 14 13 12 11 10 9 8 7 6 5 4 5 6 
0009: 17 16 15 14 13 12 11 10 9 8 7 6 5 4 3 4 5 
0010: 16 15 14 13 12 11 10 9 8 7 6 5 4 3 2 3 4 
0011: 15 14 13 12 11 10 9 8 7 6 5 4 3 2 1 2 3 
0012: 14 13 12 11 10 9 8 7 6 5 4 3 2 1 0 1 2 
0013: 15 14 13 12 11 10 9 8 7 6 5 4 3 2 1 2 3 
0014: 16 15 14 13 12 11 10 9 8 7 6 5 4 3 2 3 4 
e_pos x 14 y 12
is seg here?
no its not
is seg here?
no its not
is seg here?
no its not
is seg here?
no its not
is seg here?
no its not
is seg here?
no its not
is seg here?
no its not
is seg here?
no its not
x 5 y 10 z 7
10 5
rect x 0 y 0 h 2 w 3
Plateau 15 17: x: 17 y: 15
    01234567890123456
000 .................
001 .................
002 .................
003 .................
004 .................
005 ....XXX..........
006 ......XX.........
007 ......XXXXX......
008 ..OOOOOOOXX......
009 ..OOOOOOXXX......
010 .OOOOOOXXX.......
011 .....OOXX........
012 ......XXXXXXXXX..
013 .................
014 .................
Piece 2 3: x: 3 y: 2
.*.
***
highest 13 enemy X rect.x 0 rect.y 0
highest pos x 14 y 12
size x: 17, y: 15
0000: 26 25 24 23 22 21 20 19 18 17 16 15 14 13 12 13 14 
0001: 25 24 23 22 21 20 19 18 17 16 15 14 13 12 11 12 13 
0002: 24 23 22 21 20 19 18 17 16 15 14 13 12 11 10 11 12 
0003: 23 22 21 20 19 18 17 16 15 14 13 12 11 10 9 10 11 
0004: 22 21 20 19 18 17 16 15 14 13 12 11 10 9 8 9 10 
0005: 21 20 19 18 17 16 15 14 13 12 11 10 9 8 7 8 9 
0006: 20 19 18 17 16 15 14 13 12 11 10 9 8 7 6 7 8 
0007: 19 18 17 16 15 14 13 12 11 10 9 8 7 6 5 6 7 
0008: 18 17 16 15 14 13 12 11 10 9 8 7 6 5 4 5 6 
0009: 17 16 15 14 13 12 11 10 9 8 7 6 5 4 3 4 5 
0010: 16 15 14 13 12 11 10 9 8 7 6 5 4 3 2 3 4 
0011: 15 14 13 12 11 10 9 8 7 6 5 4 3 2 1 2 3 
0012: 14 13 12 11 10 9 8 7 6 5 4 3 2 1 0 1 2 
0013: 15 14 13 12 11 10 9 8 7 6 5 4 3 2 1 2 3 
0014: 16 15 14 13 12 11 10 9 8 7 6 5 4 3 2 3 4 
e_pos x 14 y 12
is seg here?
no its not
is seg here?
no its not
is seg here?
no its not
is seg here?
no its not
is seg here?
no its not
x 2 y 10 z 9
10 2
rect x 0 y 0 h 1 w 2
Plateau 15 17: x: 17 y: 15
    01234567890123456
000 .................
001 .................
002 .................
003 .................
004 ....XX...........
005 ....XXX..........
006 ......XX.........
007 ......XXXXX......
008 ..OOOOOOOXX......
009 ..OOOOOOXXX......
010 .OOOOOOXXX.......
011 ..OOOOOXX........
012 ......XXXXXXXXX..
013 .................
014 .................
Piece 1 2: x: 2 y: 1
**
highest 13 enemy X rect.x 0 rect.y 0
highest pos x 14 y 12
size x: 17, y: 15
0000: 26 25 24 23 22 21 20 19 18 17 16 15 14 13 12 13 14 
0001: 25 24 23 22 21 20 19 18 17 16 15 14 13 12 11 12 13 
0002: 24 23 22 21 20 19 18 17 16 15 14 13 12 11 10 11 12 
0003: 23 22 21 20 19 18 17 16 15 14 13 12 11 10 9 10 11 
0004: 22 21 20 19 18 17 16 15 14 13 12 11 10 9 8 9 10 
0005: 21 20 19 18 17 16 15 14 13 12 11 10 9 8 7 8 9 
0006: 20 19 18 17 16 15 14 13 12 11 10 9 8 7 6 7 8 
0007: 19 18 17 16 15 14 13 12 11 10 9 8 7 6 5 6 7 
0008: 18 17 16 15 14 13 12 11 10 9 8 7 6 5 4 5 6 
0009: 17 16 15 14 13 12 11 10 9 8 7 6 5 4 3 4 5 
0010: 16 15 14 13 12 11 10 9 8 7 6 5 4 3 2 3 4 
0011: 15 14 13 12 11 10 9 8 7 6 5 4 3 2 1 2 3 
0012: 14 13 12 11 10 9 8 7 6 5 4 3 2 1 0 1 2 
0013: 15 14 13 12 11 10 9 8 7 6 5 4 3 2 1 2 3 
0014: 16 15 14 13 12 11 10 9 8 7 6 5 4 3 2 3 4 
e_pos x 14 y 12
is seg here?
no its not
is seg here?
no its not
is seg here?
no its not
is seg here?
no its not
x 1 y 11 z 11
11 1
rect x 0 y 0 h 1 w 2
Plateau 15 17: x: 17 y: 15
    01234567890123456
000 .................
001 .................
002 .................
003 .................
004 ...XXX...........
005 ....XXX..........
006 ......XX.........
007 ......XXXXX......
008 ..OOOOOOOXX......
009 ..OOOOOOXXX......
010 .OOOOOOXXX.......
011 .OOOOOOXX........
012 ......XXXXXXXXX..
013 .................
014 .................
Piece 1 2: x: 2 y: 1
**
highest 13 enemy X rect.x 0 rect.y 0
highest pos x 14 y 12
size x: 17, y: 15
0000: 26 25 24 23 22 21 20 19 18 17 16 15 14 13 12 13 14 
0001: 25 24 23 22 21 20 19 18 17 16 15 14 13 12 11 12 13 
0002: 24 23 22 21 20 19 18 17 16 15 14 13 12 11 10 11 12 
0003: 23 22 21 20 19 18 17 16 15 14 13 12 11 10 9 10 11 
0004: 22 21 20 19 18 17 16 15 14 13 12 11 10 9 8 9 10 
0005: 21 20 19 18 17 16 15 14 13 12 11 10 9 8 7 8 9 
0006: 20 19 18 17 16 15 14 13 12 11 10 9 8 7 6 7 8 
0007: 19 18 17 16 15 14 13 12 11 10 9 8 7 6 5 6 7 
0008: 18 17 16 15 14 13 12 11 10 9 8 7 6 5 4 5 6 
0009: 17 16 15 14 13 12 11 10 9 8 7 6 5 4 3 4 5 
0010: 16 15 14 13 12 11 10 9 8 7 6 5 4 3 2 3 4 
0011: 15 14 13 12 11 10 9 8 7 6 5 4 3 2 1 2 3 
0012: 14 13 12 11 10 9 8 7 6 5 4 3 2 1 0 1 2 
0013: 15 14 13 12 11 10 9 8 7 6 5 4 3 2 1 2 3 
0014: 16 15 14 13 12 11 10 9 8 7 6 5 4 3 2 3 4 
e_pos x 14 y 12
is seg here?
no its not
is seg here?
no its not
is seg here?
no its not
is seg here?
no its not
x 0 y 11 z 12
11 0
rect x 0 y 0 h 1 w 3
Plateau 15 17: x: 17 y: 15
    01234567890123456
000 .................
001 .................
002 .................
003 ..XX.............
004 ..XXXX...........
005 ....XXX..........
006 ......XX.........
007 ......XXXXX......
008 ..OOOOOOOXX......
009 ..OOOOOOXXX......
010 .OOOOOOXXX.......
011 OOOOOOOXX........
012 ......XXXXXXXXX..
013 .................
014 .................
Piece 1 3: x: 3 y: 1
***
highest 13 enemy X rect.x 0 rect.y 0
highest pos x 14 y 12
size x: 17, y: 15
0000: 26 25 24 23 22 21 20 19 18 17 16 15 14 13 12 13 14 
0001: 25 24 23 22 21 20 19 18 17 16 15 14 13 12 11 12 13 
0002: 24 23 22 21 20 19 18 17 16 15 14 13 12 11 10 11 12 
0003: 23 22 21 20 19 18 17 16 15 14 13 12 11 10 9 10 11 
0004: 22 21 20 19 18 17 16 15 14 13 12 11 10 9 8 9 10 
0005: 21 20 19 18 17 16 15 14 13 12 11 10 9 8 7 8 9 
0006: 20 19 18 17 16 15 14 13 12 11 10 9 8 7 6 7 8 
0007: 19 18 17 16 15 14 13 12 11 10 9 8 7 6 5 6 7 
0008: 18 17 16 15 14 13 12 11 10 9 8 7 6 5 4 5 6 
0009: 17 16 15 14 13 12 11 10 9 8 7 6 5 4 3 4 5 
0010: 16 15 14 13 12 11 10 9 8 7 6 5 4 3 2 3 4 
0011: 15 14 13 12 11 10 9 8 7 6 5 4 3 2 1 2 3 
0012: 14 13 12 11 10 9 8 7 6 5 4 3 2 1 0 1 2 
0013: 15 14 13 12 11 10 9 8 7 6 5 4 3 2 1 2 3 
0014: 16 15 14 13 12 11 10 9 8 7 6 5 4 3 2 3 4 
e_pos x 14 y 12
is seg here?
no its not
is seg here?
no its not
x 0 y 9 z 13
9 0
rect x 0 y 0 h 2 w 1
Plateau 15 17: x: 17 y: 15
    01234567890123456
000 .................
001 .................
002 .................
003 .XXX.............
004 ..XXXX...........
005 ....XXX..........
006 ......XX.........
007 ......XXXXX......
008 ..OOOOOOOXX......
009 OOOOOOOOXXX......
010 .OOOOOOXXX.......
011 OOOOOOOXX........
012 ......XXXXXXXXX..
013 .................
014 .................
Piece 2 1: x: 1 y: 2
*
*
highest 13 enemy X rect.x 0 rect.y 0
highest pos x 14 y 12
size x: 17, y: 15
0000: 26 25 24 23 22 21 20 19 18 17 16 15 14 13 12 13 14 
0001: 25 24 23 22 21 20 19 18 17 16 15 14 13 12 11 12 13 
0002: 24 23 22 21 20 19 18 17 16 15 14 13 12 11 10 11 12 
0003: 23 22 21 20 19 18 17 16 15 14 13 12 11 10 9 10 11 
0004: 22 21 20 19 18 17 16 15 14 13 12 11 10 9 8 9 10 
0005: 21 20 19 18 17 16 15 14 13 12 11 10 9 8 7 8 9 
0006: 20 19 18 17 16 15 14 13 12 11 10 9 8 7 6 7 8 
0007: 19 18 17 16 15 14 13 12 11 10 9 8 7 6 5 6 7 
0008: 18 17 16 15 14 13 12 11 10 9 8 7 6 5 4 5 6 
0009: 17 16 15 14 13 12 11 10 9 8 7 6 5 4 3 4 5 
0010: 16 15 14 13 12 11 10 9 8 7 6 5 4 3 2 3 4 
0011: 15 14 13 12 11 10 9 8 7 6 5 4 3 2 1 2 3 
0012: 14 13 12 11 10 9 8 7 6 5 4 3 2 1 0 1 2 
0013: 15 14 13 12 11 10 9 8 7 6 5 4 3 2 1 2 3 
0014: 16 15 14 13 12 11 10 9 8 7 6 5 4 3 2 3 4 
e_pos x 14 y 12
is seg here?
no its not
is seg here?
no its not
is seg here?
no its not
is seg here?
no its not
is seg here?
no its not
is seg here?
no its not
is seg here?
no its not
is seg here?
no its not
is seg here?
no its not
is seg here?
no its not
is seg here?
no its not
is seg here?
no its not
is seg here?
no its not
is seg here?
no its not
x 5 y 11 z 9
11 5
rect x 1 y 0 h 1 w 2
Plateau 15 17: x: 17 y: 15
    01234567890123456
000 .................
001 .................
002 .X...............
003 .XXX.............
004 ..XXXX...........
005 ....XXX..........
006 ......XX.........
007 ......XXXXX......
008 ..OOOOOOOXX......
009 OOOOOOOOXXX......
010 .OOOOOOXXX.......
011 OOOOOOOXX........
012 .....OXXXXXXXXX..
013 .................
014 .................
Piece 1 3: x: 3 y: 1
.**
highest 11 enemy X rect.x 1 rect.y 0
highest pos x 14 y 12
size x: 18, y: 15
0000: 26 25 24 23 22 21 20 19 18 17 16 15 14 13 12 13 14 15 
0001: 25 24 23 22 21 20 19 18 17 16 15 14 13 12 11 12 13 14 
0002: 24 23 22 21 20 19 18 17 16 15 14 13 12 11 10 11 12 13 
0003: 23 22 21 20 19 18 17 16 15 14 13 12 11 10 9 10 11 12 
0004: 22 21 20 19 18 17 16 15 14 13 12 11 10 9 8 9 10 11 
0005: 21 20 19 18 17 16 15 14 13 12 11 10 9 8 7 8 9 10 
0006: 20 19 18 17 16 15 14 13 12 11 10 9 8 7 6 7 8 9 
0007: 19 18 17 16 15 14 13 12 11 10 9 8 7 6 5 6 7 8 
0008: 18 17 16 15 14 13 12 11 10 9 8 7 6 5 4 5 6 7 
0009: 17 16 15 14 13 12 11 10 9 8 7 6 5 4 3 4 5 6 
0010: 16 15 14 13 12 11 10 9 8 7 6 5 4 3 2 3 4 5 
0011: 15 14 13 12 11 10 9 8 7 6 5 4 3 2 1 2 3 4 
0012: 14 13 12 11 10 9 8 7 6 5 4 3 2 1 0 1 2 3 
0013: 15 14 13 12 11 10 9 8 7 6 5 4 3 2 1 2 3 4 
0014: 16 15 14 13 12 11 10 9 8 7 6 5 4 3 2 3 4 5 
e_pos x 14 y 12
is seg here?
no its not
is seg here?
no its not
is seg here?
no its not
x 3 y 12 z 8
12 3
rect x 0 y 0 h 1 w 3
Plateau 15 17: x: 17 y: 15
    01234567890123456
000 .................
001 .................
002 .XX..............
003 .XXX.............
004 ..XXXX...........
005 ....XXX..........
006 ......XX.........
007 ......XXXXX......
008 ..OOOOOOOXX......
009 OOOOOOOOXXX......
010 .OOOOOOXXX.......
011 OOOOOOOXX........
012 ....OOXXXXXXXXX..
013 .................
014 .................
Piece 1 3: x: 3 y: 1
***
highest 21 enemy X rect.x 0 rect.y 0
highest pos x 2 y 3
size x: 17, y: 15
0000: 5 4 3 4 5 6 7 8 9 10 11 12 13 14 15 16 17 
0001: 4 3 2 3 4 5 6 7 8 9 10 11 12 13 14 15 16 
0002: 3 2 1 2 3 4 5 6 7 8 9 10 11 12 13 14 15 
0003: 2 1 0 1 2 3 4 5 6 7 8 9 10 11 12 13 14 
0004: 3 2 1 2 3 4 5 6 7 8 9 10 11 12 13 14 15 
0005: 4 3 2 3 4 5 6 7 8 9 10 11 12 13 14 15 16 
0006: 5 4 3 4 5 6 7 8 9 10 11 12 13 14 15 16 17 
0007: 6 5 4 5 6 7 8 9 10 11 12 13 14 15 16 17 18 
0008: 7 6 5 6 7 8 9 10 11 12 13 14 15 16 17 18 19 
0009: 8 7 6 7 8 9 10 11 12 13 14 15 16 17 18 19 20 
0010: 9 8 7 8 9 10 11 12 13 14 15 16 17 18 19 20 21 
0011: 10 9 8 9 10 11 12 13 14 15 16 17 18 19 20 21 22 
0012: 11 10 9 10 11 12 13 14 15 16 17 18 19 20 21 22 23 
0013: 12 11 10 11 12 13 14 15 16 17 18 19 20 21 22 23 24 
0014: 13 12 11 12 13 14 15 16 17 18 19 20 21 22 23 24 25 
e_pos x 14 y 12
is seg here?
no its not
is seg here?
no its not
x 0 y 8 z 6
8 0
rect x 0 y 0 h 2 w 1
Plateau 15 17: x: 17 y: 15
    01234567890123456
000 .................
001 .................
002 .XXX.............
003 .XXX.............
004 ..XXXX...........
005 ....XXX..........
006 ......XX.........
007 ......XXXXX......
008 OOOOOOOOOXX......
009 OOOOOOOOXXX......
010 .OOOOOOXXX.......
011 OOOOOOOXX........
012 ....OOXXXXXXXXX..
013 .................
014 .................
Piece 2 1: x: 1 y: 2
*
*
highest 21 enemy X rect.x 0 rect.y 0
highest pos x 2 y 3
size x: 17, y: 15
0000: 5 4 3 4 5 6 7 8 9 10 11 12 13 14 15 16 17 
0001: 4 3 2 3 4 5 6 7 8 9 10 11 12 13 14 15 16 
0002: 3 2 1 2 3 4 5 6 7 8 9 10 11 12 13 14 15 
0003: 2 1 0 1 2 3 4 5 6 7 8 9 10 11 12 13 14 
0004: 3 2 1 2 3 4 5 6 7 8 9 10 11 12 13 14 15 
0005: 4 3 2 3 4 5 6 7 8 9 10 11 12 13 14 15 16 
0006: 5 4 3 4 5 6 7 8 9 10 11 12 13 14 15 16 17 
0007: 6 5 4 5 6 7 8 9 10 11 12 13 14 15 16 17 18 
0008: 7 6 5 6 7 8 9 10 11 12 13 14 15 16 17 18 19 
0009: 8 7 6 7 8 9 10 11 12 13 14 15 16 17 18 19 20 
0010: 9 8 7 8 9 10 11 12 13 14 15 16 17 18 19 20 21 
0011: 10 9 8 9 10 11 12 13 14 15 16 17 18 19 20 21 22 
0012: 11 10 9 10 11 12 13 14 15 16 17 18 19 20 21 22 23 
0013: 12 11 10 11 12 13 14 15 16 17 18 19 20 21 22 23 24 
0014: 13 12 11 12 13 14 15 16 17 18 19 20 21 22 23 24 25 
e_pos x 14 y 12
is seg here?
no its not
is seg here?
no its not
is seg here?
no its not
is seg here?
no its not
is seg here?
no its not
is seg here?
no its not
is seg here?
no its not
is seg here?
no its not
is seg here?
no its not
is seg here?
no its not
is seg here?
no its not
is seg here?
no its not
is seg here?
no its not
is seg here?
no its not
x 2 y 7 z 4
7 2
rect x 0 y 0 h 1 w 2
Plateau 15 17: x: 17 y: 15
    01234567890123456
000 .................
001 ...XX............
002 .XXXX............
003 .XXX.............
004 ..XXXX...........
005 ....XXX..........
006 ......XX.........
007 ..O...XXXXX......
008 OOOOOOOOOXX......
009 OOOOOOOOXXX......
010 .OOOOOOXXX.......
011 OOOOOOOXX........
012 ....OOXXXXXXXXX..
013 .................
014 .................
Piece 1 2: x: 2 y: 1
**
highest 22 enemy X rect.x 0 rect.y 0
highest pos x 2 y 2
size x: 17, y: 15
0000: 4 3 2 3 4 5 6 7 8 9 10 11 12 13 14 15 16 
0001: 3 2 1 2 3 4 5 6 7 8 9 10 11 12 13 14 15 
0002: 2 1 0 1 2 3 4 5 6 7 8 9 10 11 12 13 14 
0003: 3 2 1 2 3 4 5 6 7 8 9 10 11 12 13 14 15 
0004: 4 3 2 3 4 5 6 7 8 9 10 11 12 13 14 15 16 
0005: 5 4 3 4 5 6 7 8 9 10 11 12 13 14 15 16 17 
0006: 6 5 4 5 6 7 8 9 10 11 12 13 14 15 16 17 18 
0007: 7 6 5 6 7 8 9 10 11 12 13 14 15 16 17 18 19 
0008: 8 7 6 7 8 9 10 11 12 13 14 15 16 17 18 19 20 
0009: 9 8 7 8 9 10 11 12 13 14 15 16 17 18 19 20 21 
0010: 10 9 8 9 10 11 12 13 14 15 16 17 18 19 20 21 22 
0011: 11 10 9 10 11 12 13 14 15 16 17 18 19 20 21 22 23 
0012: 12 11 10 11 12 13 14 15 16 17 18 19 20 21 22 23 24 
0013: 13 12 11 12 13 14 15 16 17 18 19 20 21 22 23 24 25 
0014: 14 13 12 13 14 15 16 17 18 19 20 21 22 23 24 25 26 
e_pos x 14 y 12
is seg here?
no its not
is seg here?
no its not
is seg here?
no its not
is seg here?
no its not
x 2 y 7 z 5
7 2
rect x 0 y 0 h 1 w 2
Plateau 15 17: x: 17 y: 15
    01234567890123456
000 ..XX.............
001 ..XXX............
002 .XXXX............
003 .XXX.............
004 ..XXXX...........
005 ....XXX..........
006 ......XX.........
007 ..OO..XXXXX......
008 OOOOOOOOOXX......
009 OOOOOOOOXXX......
010 .OOOOOOXXX.......
011 OOOOOOOXX........
012 ....OOXXXXXXXXX..
013 .................
014 .................
Piece 1 2: x: 2 y: 1
**
highest 24 enemy X rect.x 0 rect.y 0
highest pos x 2 y 0
size x: 17, y: 15
0000: 2 1 0 1 2 3 4 5 6 7 8 9 10 11 12 13 14 
0001: 3 2 1 2 3 4 5 6 7 8 9 10 11 12 13 14 15 
0002: 4 3 2 3 4 5 6 7 8 9 10 11 12 13 14 15 16 
0003: 5 4 3 4 5 6 7 8 9 10 11 12 13 14 15 16 17 
0004: 6 5 4 5 6 7 8 9 10 11 12 13 14 15 16 17 18 
0005: 7 6 5 6 7 8 9 10 11 12 13 14 15 16 17 18 19 
0006: 8 7 6 7 8 9 10 11 12 13 14 15 16 17 18 19 20 
0007: 9 8 7 8 9 10 11 12 13 14 15 16 17 18 19 20 21 
0008: 10 9 8 9 10 11 12 13 14 15 16 17 18 19 20 21 22 
0009: 11 10 9 10 11 12 13 14 15 16 17 18 19 20 21 22 23 
0010: 12 11 10 11 12 13 14 15 16 17 18 19 20 21 22 23 24 
0011: 13 12 11 12 13 14 15 16 17 18 19 20 21 22 23 24 25 
0012: 14 13 12 13 14 15 16 17 18 19 20 21 22 23 24 25 26 
0013: 15 14 13 14 15 16 17 18 19 20 21 22 23 24 25 26 27 
0014: 16 15 14 15 16 17 18 19 20 21 22 23 24 25 26 27 28 
e_pos x 14 y 12
is seg here?
no its not
is seg here?
no its not
is seg here?
no its not
is seg here?
no its not
x 1 y 7 z 8
7 1
rect x 0 y 0 h 2 w 1
Plateau 15 17: x: 17 y: 15
    01234567890123456
000 ..XX.............
001 ..XXX.X..........
002 .XXXXXX..........
003 .XXX.............
004 ..XXXX...........
005 ....XXX..........
006 ......XX.........
007 .OOO..XXXXX......
008 OOOOOOOOOXX......
009 OOOOOOOOXXX......
010 .OOOOOOXXX.......
011 OOOOOOOXX........
012 ....OOXXXXXXXXX..
013 .................
014 .................
Piece 2 1: x: 1 y: 2
*
*
highest 24 enemy X rect.x 0 rect.y 0
highest pos x 2 y 0
size x: 17, y: 15
0000: 2 1 0 1 2 3 4 5 6 7 8 9 10 11 12 13 14 
0001: 3 2 1 2 3 4 5 6 7 8 9 10 11 12 13 14 15 
0002: 4 3 2 3 4 5 6 7 8 9 10 11 12 13 14 15 16 
0003: 5 4 3 4 5 6 7 8 9 10 11 12 13 14 15 16 17 
0004: 6 5 4 5 6 7 8 9 10 11 12 13 14 15 16 17 18 
0005: 7 6 5 6 7 8 9 10 11 12 13 14 15 16 17 18 19 
0006: 8 7 6 7 8 9 10 11 12 13 14 15 16 17 18 19 20 
0007: 9 8 7 8 9 10 11 12 13 14 15 16 17 18 19 20 21 
0008: 10 9 8 9 10 11 12 13 14 15 16 17 18 19 20 21 22 
0009: 11 10 9 10 11 12 13 14 15 16 17 18 19 20 21 22 23 
0010: 12 11 10 11 12 13 14 15 16 17 18 19 20 21 22 23 24 
0011: 13 12 11 12 13 14 15 16 17 18 19 20 21 22 23 24 25 
0012: 14 13 12 13 14 15 16 17 18 19 20 21 22 23 24 25 26 
0013: 15 14 13 14 15 16 17 18 19 20 21 22 23 24 25 26 27 
0014: 16 15 14 15 16 17 18 19 20 21 22 23 24 25 26 27 28 
e_pos x 14 y 12
is seg here?
no its not
is seg here?
no its not
is seg here?
no its not
is seg here?
no its not
is seg here?
no its not
is seg here?
no its not
is seg here?
no its not
is seg here?
no its not
is seg here?
no its not
is seg here?
no its not
is seg here?
no its not
is seg here?
no its not
is seg here?
no its not
is seg here?
no its not
x 2 y 6 z 6
6 2
rect x 0 y 0 h 1 w 2
Plateau 15 17: x: 17 y: 15
    01234567890123456
000 ..XX.XX..........
001 ..XXX.X..........
002 .XXXXXX..........
003 .XXX.............
004 ..XXXX...........
005 ....XXX..........
006 ..O...XX.........
007 .OOO..XXXXX......
008 OOOOOOOOOXX......
009 OOOOOOOOXXX......
010 .OOOOOOXXX.......
011 OOOOOOOXX........
012 ....OOXXXXXXXXX..
013 .................
014 .................
Piece 1 3: x: 3 y: 1
**.
highest 24 enemy X rect.x 0 rect.y 0
highest pos x 2 y 0
size x: 17, y: 15
0000: 2 1 0 1 2 3 4 5 6 7 8 9 10 11 12 13 14 
0001: 3 2 1 2 3 4 5 6 7 8 9 10 11 12 13 14 15 
0002: 4 3 2 3 4 5 6 7 8 9 10 11 12 13 14 15 16 
0003: 5 4 3 4 5 6 7 8 9 10 11 12 13 14 15 16 17 
0004: 6 5 4 5 6 7 8 9 10 11 12 13 14 15 16 17 18 
0005: 7 6 5 6 7 8 9 10 11 12 13 14 15 16 17 18 19 
0006: 8 7 6 7 8 9 10 11 12 13 14 15 16 17 18 19 20 
0007: 9 8 7 8 9 10 11 12 13 14 15 16 17 18 19 20 21 
0008: 10 9 8 9 10 11 12 13 14 15 16 17 18 19 20 21 22 
0009: 11 10 9 10 11 12 13 14 15 16 17 18 19 20 21 22 23 
0010: 12 11 10 11 12 13 14 15 16 17 18 19 20 21 22 23 24 
0011: 13 12 11 12 13 14 15 16 17 18 19 20 21 22 23 24 25 
0012: 14 13 12 13 14 15 16 17 18 19 20 21 22 23 24 25 26 
0013: 15 14 13 14 15 16 17 18 19 20 21 22 23 24 25 26 27 
0014: 16 15 14 15 16 17 18 19 20 21 22 23 24 25 26 27 28 
e_pos x 14 y 12
is seg here?
no its not
is seg here?
no its not
is seg here?
no its not
is seg here?
no its not
is seg here?
no its not
is seg here?
no its not
x 2 y 6 z 6
6 2
rect x 1 y 0 h 1 w 2
Plateau 15 17: x: 17 y: 15
    01234567890123456
000 ..XX.XX..........
001 .XXXX.X..........
002 .XXXXXX..........
003 .XXX.............
004 ..XXXX...........
005 ....XXX..........
006 ..OO..XX.........
007 .OOO..XXXXX......
008 OOOOOOOOOXX......
009 OOOOOOOOXXX......
010 .OOOOOOXXX.......
011 OOOOOOOXX........
012 ....OOXXXXXXXXX..
013 .................
014 .................
Piece 1 3: x: 3 y: 1
.**
highest 22 enemy X rect.x 1 rect.y 0
highest pos x 3 y 0
size x: 18, y: 15
0000: 3 2 1 0 1 2 3 4 5 6 7 8 9 10 11 12 13 14 
0001: 4 3 2 1 2 3 4 5 6 7 8 9 10 11 12 13 14 15 
0002: 5 4 3 2 3 4 5 6 7 8 9 10 11 12 13 14 15 16 
0003: 6 5 4 3 4 5 6 7 8 9 10 11 12 13 14 15 16 17 
0004: 7 6 5 4 5 6 7 8 9 10 11 12 13 14 15 16 17 18 
0005: 8 7 6 5 6 7 8 9 10 11 12 13 14 15 16 17 18 19 
0006: 9 8 7 6 7 8 9 10 11 12 13 14 15 16 17 18 19 20 
0007: 10 9 8 7 8 9 10 11 12 13 14 15 16 17 18 19 20 21 
0008: 11 10 9 8 9 10 11 12 13 14 15 16 17 18 19 20 21 22 
0009: 12 11 10 9 10 11 12 13 14 15 16 17 18 19 20 21 22 23 
0010: 13 12 11 10 11 12 13 14 15 16 17 18 19 20 21 22 23 24 
0011: 14 13 12 11 12 13 14 15 16 17 18 19 20 21 22 23 24 25 
0012: 15 14 13 12 13 14 15 16 17 18 19 20 21 22 23 24 25 26 
0013: 16 15 14 13 14 15 16 17 18 19 20 21 22 23 24 25 26 27 
0014: 17 16 15 14 15 16 17 18 19 20 21 22 23 24 25 26 27 28 
e_pos x 14 y 12
is seg here?
no its not
is seg here?
no its not
is seg here?
no its not
is seg here?
no its not
is seg here?
no its not
is seg here?
no its not
x 2 y 6 z 6
6 2
rect x 0 y 0 h 2 w 2
Plateau 15 17: x: 17 y: 15
    01234567890123456
000 ..XX.XXX.........
001 .XXXX.XX.........
002 .XXXXXX..........
003 .XXX.............
004 ..XXXX...........
005 ....XXX..........
006 ..OOO.XX.........
007 .OOO..XXXXX......
008 OOOOOOOOOXX......
009 OOOOOOOOXXX......
010 .OOOOOOXXX.......
011 OOOOOOOXX........
012 ....OOXXXXXXXXX..
013 .................
014 .................
Piece 2 2: x: 2 y: 2
.*
**
highest 24 enemy X rect.x 0 rect.y 0
highest pos x 2 y 0
size x: 17, y: 15
0000: 2 1 0 1 2 3 4 5 6 7 8 9 10 11 12 13 14 
0001: 3 2 1 2 3 4 5 6 7 8 9 10 11 12 13 14 15 
0002: 4 3 2 3 4 5 6 7 8 9 10 11 12 13 14 15 16 
0003: 5 4 3 4 5 6 7 8 9 10 11 12 13 14 15 16 17 
0004: 6 5 4 5 6 7 8 9 10 11 12 13 14 15 16 17 18 
0005: 7 6 5 6 7 8 9 10 11 12 13 14 15 16 17 18 19 
0006: 8 7 6 7 8 9 10 11 12 13 14 15 16 17 18 19 20 
0007: 9 8 7 8 9 10 11 12 13 14 15 16 17 18 19 20 21 
0008: 10 9 8 9 10 11 12 13 14 15 16 17 18 19 20 21 22 
0009: 11 10 9 10 11 12 13 14 15 16 17 18 19 20 21 22 23 
0010: 12 11 10 11 12 13 14 15 16 17 18 19 20 21 22 23 24 
0011: 13 12 11 12 13 14 15 16 17 18 19 20 21 22 23 24 25 
0012: 14 13 12 13 14 15 16 17 18 19 20 21 22 23 24 25 26 
0013: 15 14 13 14 15 16 17 18 19 20 21 22 23 24 25 26 27 
0014: 16 15 14 15 16 17 18 19 20 21 22 23 24 25 26 27 28 
e_pos x 14 y 12
is seg here?
no its not
is seg here?
no its not
is seg here?
no its not
is seg here?
no its not
is seg here?
no its not
is seg here?
no its not
is seg here?
no its not
x 1 y 5 z 6
5 1
rect x 0 y 1 h 1 w 3
Plateau 15 17: x: 17 y: 15
    01234567890123456
000 XXXX.XXX.........
001 .XXXX.XX.........
002 .XXXXXX..........
003 .XXX.............
004 ..XXXX...........
005 ..O.XXX..........
006 .OOOO.XX.........
007 .OOO..XXXXX......
008 OOOOOOOOOXX......
009 OOOOOOOOXXX......
010 .OOOOOOXXX.......
011 OOOOOOOXX........
012 ....OOXXXXXXXXX..
013 .................
014 .................
Piece 2 3: x: 3 y: 2
...
***
highest 24 enemy X rect.x 0 rect.y 1
highest pos x 0 y 1
size x: 17, y: 16
0000: 1 2 3 4 5 6 7 8 9 10 11 12 13 14 15 16 17 
0001: 0 1 2 3 4 5 6 7 8 9 10 11 12 13 14 15 16 
0002: 1 2 3 4 5 6 7 8 9 10 11 12 13 14 15 16 17 
0003: 2 3 4 5 6 7 8 9 10 11 12 13 14 15 16 17 18 
0004: 3 4 5 6 7 8 9 10 11 12 13 14 15 16 17 18 19 
0005: 4 5 6 7 8 9 10 11 12 13 14 15 16 17 18 19 20 
0006: 5 6 7 8 9 10 11 12 13 14 15 16 17 18 19 20 21 
0007: 6 7 8 9 10 11 12 13 14 15 16 17 18 19 20 21 22 
0008: 7 8 9 10 11 12 13 14 15 16 17 18 19 20 21 22 23 
0009: 8 9 10 11 12 13 14 15 16 17 18 19 20 21 22 23 24 
0010: 9 10 11 12 13 14 15 16 17 18 19 20 21 22 23 24 25 
0011: 10 11 12 13 14 15 16 17 18 19 20 21 22 23 24 25 26 
0012: 11 12 13 14 15 16 17 18 19 20 21 22 23 24 25 26 27 
0013: 12 13 14 15 16 17 18 19 20 21 22 23 24 25 26 27 28 
0014: 13 14 15 16 17 18 19 20 21 22 23 24 25 26 27 28 29 
0015: 14 15 16 17 18 19 20 21 22 23 24 25 26 27 28 29 30 
e_pos x 14 y 12
is seg here?
no its not
is seg here?
no its not
is seg here?
no its not
is seg here?
no its not
x 0 y 4 z 4
4 0
rect x 0 y 0 h 1 w 3
Plateau 15 17: x: 17 y: 15
    01234567890123456
000 XXXXXXXX.........
001 .XXXX.XX.........
002 .XXXXXX..........
003 .XXX.............
004 ..XXXX...........
005 OOO.XXX..........
006 .OOOO.XX.........
007 .OOO..XXXXX......
008 OOOOOOOOOXX......
009 OOOOOOOOXXX......
010 .OOOOOOXXX.......
011 OOOOOOOXX........
012 ....OOXXXXXXXXX..
013 .................
014 .................
Piece 1 3: x: 3 y: 1
***
highest 26 enemy X rect.x 0 rect.y 0
highest pos x 0 y 0
size x: 17, y: 15
0000: 0 1 2 3 4 5 6 7 8 9 10 11 12 13 14 15 16 
0001: 1 2 3 4 5 6 7 8 9 10 11 12 13 14 15 16 17 
0002: 2 3 4 5 6 7 8 9 10 11 12 13 14 15 16 17 18 
0003: 3 4 5 6 7 8 9 10 11 12 13 14 15 16 17 18 19 
0004: 4 5 6 7 8 9 10 11 12 13 14 15 16 17 18 19 20 
0005: 5 6 7 8 9 10 11 12 13 14 15 16 17 18 19 20 21 
0006: 6 7 8 9 10 11 12 13 14 15 16 17 18 19 20 21 22 
0007: 7 8 9 10 11 12 13 14 15 16 17 18 19 20 21 22 23 
0008: 8 9 10 11 12 13 14 15 16 17 18 19 20 21 22 23 24 
0009: 9 10 11 12 13 14 15 16 17 18 19 20 21 22 23 24 25 
0010: 10 11 12 13 14 15 16 17 18 19 20 21 22 23 24 25 26 
0011: 11 12 13 14 15 16 17 18 19 20 21 22 23 24 25 26 27 
0012: 12 13 14 15 16 17 18 19 20 21 22 23 24 25 26 27 28 
0013: 13 14 15 16 17 18 19 20 21 22 23 24 25 26 27 28 29 
0014: 14 15 16 17 18 19 20 21 22 23 24 25 26 27 28 29 30 
e_pos x 14 y 12
is seg here?
no its not
is seg here?
no its not
x 3 y 7 z 10
7 3
rect x 0 y 0 h 1 w 2
Plateau 15 17: x: 17 y: 15
    01234567890123456
000 XXXXXXXX.........
001 XXXXX.XX.........
002 .XXXXXX..........
003 .XXX.............
004 ..XXXX...........
005 OOO.XXX..........
006 .OOOO.XX.........
007 .OOOOOXXXXX......
008 OOOOOOOOOXX......
009 OOOOOOOOXXX......
010 .OOOOOOXXX.......
011 OOOOOOOXX........
012 ....OOXXXXXXXXX..
013 .................
014 .................
Piece 1 2: x: 2 y: 1
**
highest 25 enemy X rect.x 0 rect.y 0
highest pos x 0 y 1
size x: 17, y: 15
0000: 1 2 3 4 5 6 7 8 9 10 11 12 13 14 15 16 17 
0001: 0 1 2 3 4 5 6 7 8 9 10 11 12 13 14 15 16 
0002: 1 2 3 4 5 6 7 8 9 10 11 12 13 14 15 16 17 
0003: 2 3 4 5 6 7 8 9 10 11 12 13 14 15 16 17 18 
0004: 3 4 5 6 7 8 9 10 11 12 13 14 15 16 17 18 19 
0005: 4 5 6 7 8 9 10 11 12 13 14 15 16 17 18 19 20 
0006: 5 6 7 8 9 10 11 12 13 14 15 16 17 18 19 20 21 
0007: 6 7 8 9 10 11 12 13 14 15 16 17 18 19 20 21 22 
0008: 7 8 9 10 11 12 13 14 15 16 17 18 19 20 21 22 23 
0009: 8 9 10 11 12 13 14 15 16 17 18 19 20 21 22 23 24 
0010: 9 10 11 12 13 14 15 16 17 18 19 20 21 22 23 24 25 
0011: 10 11 12 13 14 15 16 17 18 19 20 21 22 23 24 25 26 
0012: 11 12 13 14 15 16 17 18 19 20 21 22 23 24 25 26 27 
0013: 12 13 14 15 16 17 18 19 20 21 22 23 24 25 26 27 28 
0014: 13 14 15 16 17 18 19 20 21 22 23 24 25 26 27 28 29 
e_pos x 14 y 12
is seg here?
no its not
is seg here?
no its not
is seg here?
no its not
is seg here?
no its not
is seg here?
no its not
is seg here?
no its not
x 0 y 6 z 5
6 0
rect x 0 y 0 h 2 w 2
Plateau 15 17: x: 17 y: 15
    01234567890123456
000 XXXXXXXXXX.......
001 XXXXX.XX.........
002 .XXXXXX..........
003 .XXX.............
004 ..XXXX...........
005 OOO.XXX..........
006 OOOOO.XX.........
007 .OOOOOXXXXX......
008 OOOOOOOOOXX......
009 OOOOOOOOXXX......
010 .OOOOOOXXX.......
011 OOOOOOOXX........
012 ....OOXXXXXXXXX..
013 .................
014 .................
Piece 2 2: x: 2 y: 2
.*
**
highest 25 enemy X rect.x 0 rect.y 0
highest pos x 0 y 1
size x: 17, y: 15
0000: 1 2 3 4 5 6 7 8 9 10 11 12 13 14 15 16 17 
0001: 0 1 2 3 4 5 6 7 8 9 10 11 12 13 14 15 16 
0002: 1 2 3 4 5 6 7 8 9 10 11 12 13 14 15 16 17 
0003: 2 3 4 5 6 7 8 9 10 11 12 13 14 15 16 17 18 
0004: 3 4 5 6 7 8 9 10 11 12 13 14 15 16 17 18 19 
0005: 4 5 6 7 8 9 10 11 12 13 14 15 16 17 18 19 20 
0006: 5 6 7 8 9 10 11 12 13 14 15 16 17 18 19 20 21 
0007: 6 7 8 9 10 11 12 13 14 15 16 17 18 19 20 21 22 
0008: 7 8 9 10 11 12 13 14 15 16 17 18 19 20 21 22 23 
0009: 8 9 10 11 12 13 14 15 16 17 18 19 20 21 22 23 24 
0010: 9 10 11 12 13 14 15 16 17 18 19 20 21 22 23 24 25 
0011: 10 11 12 13 14 15 16 17 18 19 20 21 22 23 24 25 26 
0012: 11 12 13 14 15 16 17 18 19 20 21 22 23 24 25 26 27 
0013: 12 13 14 15 16 17 18 19 20 21 22 23 24 25 26 27 28 
0014: 13 14 15 16 17 18 19 20 21 22 23 24 25 26 27 28 29 
e_pos x 14 y 12
is seg here?
no its not
is seg here?
no its not
is seg here?
no its not
is seg here?
no its not
is seg here?
no its not
x 0 y 11 z 10
11 0
rect x 0 y 1 h 1 w 2
Plateau 15 17: x: 17 y: 15
    01234567890123456
000 XXXXXXXXXX.......
001 XXXXXXXX.........
002 .XXXXXX..........
003 .XXX.............
004 ..XXXX...........
005 OOO.XXX..........
006 OOOOO.XX.........
007 .OOOOOXXXXX......
008 OOOOOOOOOXX......
009 OOOOOOOOXXX......
010 .OOOOOOXXX.......
011 OOOOOOOXX........
012 OO..OOXXXXXXXXX..
013 .................
014 .................
Piece 2 2: x: 2 y: 2
..
**
highest 23 enemy X rect.x 0 rect.y 1
highest pos x 0 y 2
size x: 17, y: 16
0000: 2 3 4 5 6 7 8 9 10 11 12 13 14 15 16 17 18 
0001: 1 2 3 4 5 6 7 8 9 10 11 12 13 14 15 16 17 
0002: 0 1 2 3 4 5 6 7 8 9 10 11 12 13 14 15 16 
0003: 1 2 3 4 5 6 7 8 9 10 11 12 13 14 15 16 17 
0004: 2 3 4 5 6 7 8 9 10 11 12 13 14 15 16 17 18 
0005: 3 4 5 6 7 8 9 10 11 12 13 14 15 16 17 18 19 
0006: 4 5 6 7 8 9 10 11 12 13 14 15 16 17 18 19 20 
0007: 5 6 7 8 9 10 11 12 13 14 15 16 17 18 19 20 21 
0008: 6 7 8 9 10 11 12 13 14 15 16 17 18 19 20 21 22 
0009: 7 8 9 10 11 12 13 14 15 16 17 18 19 20 21 22 23 
0010: 8 9 10 11 12 13 14 15 16 17 18 19 20 21 22 23 24 
0011: 9 10 11 12 13 14 15 16 17 18 19 20 21 22 23 24 25 
0012: 10 11 12 13 14 15 16 17 18 19 20 21 22 23 24 25 26 
0013: 11 12 13 14 15 16 17 18 19 20 21 22 23 24 25 26 27 
0014: 12 13 14 15 16 17 18 19 20 21 22 23 24 25 26 27 28 
0015: 13 14 15 16 17 18 19 20 21 22 23 24 25 26 27 28 29 
e_pos x 14 y 12
is seg here?
no its not
is seg here?
no its not
is seg here?
no its not
is seg here?
no its not
is seg here?
no its not
is seg here?
no its not
x 2 y 4 z 5
4 2
rect x 0 y 0 h 2 w 1
Plateau 15 17: x: 17 y: 15
    01234567890123456
000 XXXXXXXXXX.......
001 XXXXXXXXX........
002 .XXXXXX..........
003 .XXX.............
004 ..XXXX...........
005 OOOOXXX..........
006 OOOOO.XX.........
007 .OOOOOXXXXX......
008 OOOOOOOOOXX......
009 OOOOOOOOXXX......
010 .OOOOOOXXX.......
011 OOOOOOOXX........
012 OO..OOXXXXXXXXX..
013 .................
014 .................
Piece 2 3: x: 3 y: 2
*..
*..
highest 25 enemy X rect.x 0 rect.y 0
highest pos x 0 y 1
size x: 17, y: 15
0000: 1 2 3 4 5 6 7 8 9 10 11 12 13 14 15 16 17 
0001: 0 1 2 3 4 5 6 7 8 9 10 11 12 13 14 15 16 
0002: 1 2 3 4 5 6 7 8 9 10 11 12 13 14 15 16 17 
0003: 2 3 4 5 6 7 8 9 10 11 12 13 14 15 16 17 18 
0004: 3 4 5 6 7 8 9 10 11 12 13 14 15 16 17 18 19 
0005: 4 5 6 7 8 9 10 11 12 13 14 15 16 17 18 19 20 
0006: 5 6 7 8 9 10 11 12 13 14 15 16 17 18 19 20 21 
0007: 6 7 8 9 10 11 12 13 14 15 16 17 18 19 20 21 22 
0008: 7 8 9 10 11 12 13 14 15 16 17 18 19 20 21 22 23 
0009: 8 9 10 11 12 13 14 15 16 17 18 19 20 21 22 23 24 
0010: 9 10 11 12 13 14 15 16 17 18 19 20 21 22 23 24 25 
0011: 10 11 12 13 14 15 16 17 18 19 20 21 22 23 24 25 26 
0012: 11 12 13 14 15 16 17 18 19 20 21 22 23 24 25 26 27 
0013: 12 13 14 15 16 17 18 19 20 21 22 23 24 25 26 27 28 
0014: 13 14 15 16 17 18 19 20 21 22 23 24 25 26 27 28 29 
e_pos x 14 y 12
is seg here?
no its not
is seg here?
no its not
is seg here?
no its not
is seg here?
no its not
is seg here?
no its not
is seg here?
no its not
is seg here?
no its not
is seg here?
no its not
is seg here?
no its not
is seg here?
no its not
is seg here?
no its not
is seg here?
no its not
is seg here?
no its not
x 0 y 4 z 3
4 0
rect x 0 y 0 h 1 w 2
Plateau 15 17: x: 17 y: 15
    01234567890123456
000 XXXXXXXXXX.......
001 XXXXXXXXXXXX.....
002 .XXXXXX..........
003 .XXX.............
004 O.XXXX...........
005 OOOOXXX..........
006 OOOOO.XX.........
007 .OOOOOXXXXX......
008 OOOOOOOOOXX......
009 OOOOOOOOXXX......
010 .OOOOOOXXX.......
011 OOOOOOOXX........
012 OO..OOXXXXXXXXX..
013 .................
014 .................
Piece 1 2: x: 2 y: 1
**
highest 25 enemy X rect.x 0 rect.y 0
highest pos x 0 y 1
size x: 17, y: 15
0000: 1 2 3 4 5 6 7 8 9 10 11 12 13 14 15 16 17 
0001: 0 1 2 3 4 5 6 7 8 9 10 11 12 13 14 15 16 
0002: 1 2 3 4 5 6 7 8 9 10 11 12 13 14 15 16 17 
0003: 2 3 4 5 6 7 8 9 10 11 12 13 14 15 16 17 18 
0004: 3 4 5 6 7 8 9 10 11 12 13 14 15 16 17 18 19 
0005: 4 5 6 7 8 9 10 11 12 13 14 15 16 17 18 19 20 
0006: 5 6 7 8 9 10 11 12 13 14 15 16 17 18 19 20 21 
0007: 6 7 8 9 10 11 12 13 14 15 16 17 18 19 20 21 22 
0008: 7 8 9 10 11 12 13 14 15 16 17 18 19 20 21 22 23 
0009: 8 9 10 11 12 13 14 15 16 17 18 19 20 21 22 23 24 
0010: 9 10 11 12 13 14 15 16 17 18 19 20 21 22 23 24 25 
0011: 10 11 12 13 14 15 16 17 18 19 20 21 22 23 24 25 26 
0012: 11 12 13 14 15 16 17 18 19 20 21 22 23 24 25 26 27 
0013: 12 13 14 15 16 17 18 19 20 21 22 23 24 25 26 27 28 
0014: 13 14 15 16 17 18 19 20 21 22 23 24 25 26 27 28 29 
e_pos x 14 y 12
is seg here?
no its not
is seg here?
no its not
is seg here?
no its not
is seg here?
no its not
is seg here?
no its not
is seg here?
no its not
x 0 y 4 z 3
4 0
rect x 0 y 0 h 1 w 2
Plateau 15 17: x: 17 y: 15
    01234567890123456
000 XXXXXXXXXXXX.....
001 XXXXXXXXXXXX.....
002 .XXXXXX..........
003 .XXX.............
004 OOXXXX...........
005 OOOOXXX..........
006 OOOOO.XX.........
007 .OOOOOXXXXX......
008 OOOOOOOOOXX......
009 OOOOOOOOXXX......
010 .OOOOOOXXX.......
011 OOOOOOOXX........
012 OO..OOXXXXXXXXX..
013 .................
014 .................
Piece 1 3: x: 3 y: 1
**.
highest 25 enemy X rect.x 0 rect.y 0
highest pos x 0 y 1
size x: 17, y: 15
0000: 1 2 3 4 5 6 7 8 9 10 11 12 13 14 15 16 17 
0001: 0 1 2 3 4 5 6 7 8 9 10 11 12 13 14 15 16 
0002: 1 2 3 4 5 6 7 8 9 10 11 12 13 14 15 16 17 
0003: 2 3 4 5 6 7 8 9 10 11 12 13 14 15 16 17 18 
0004: 3 4 5 6 7 8 9 10 11 12 13 14 15 16 17 18 19 
0005: 4 5 6 7 8 9 10 11 12 13 14 15 16 17 18 19 20 
0006: 5 6 7 8 9 10 11 12 13 14 15 16 17 18 19 20 21 
0007: 6 7 8 9 10 11 12 13 14 15 16 17 18 19 20 21 22 
0008: 7 8 9 10 11 12 13 14 15 16 17 18 19 20 21 22 23 
0009: 8 9 10 11 12 13 14 15 16 17 18 19 20 21 22 23 24 
0010: 9 10 11 12 13 14 15 16 17 18 19 20 21 22 23 24 25 
0011: 10 11 12 13 14 15 16 17 18 19 20 21 22 23 24 25 26 
0012: 11 12 13 14 15 16 17 18 19 20 21 22 23 24 25 26 27 
0013: 12 13 14 15 16 17 18 19 20 21 22 23 24 25 26 27 28 
0014: 13 14 15 16 17 18 19 20 21 22 23 24 25 26 27 28 29 
e_pos x 14 y 12
is seg here?
no its not
is seg here?
no its not
is seg here?
no its not
is seg here?
no its not
is seg here?
no its not
x 0 y 7 z 6
7 0
rect x 1 y 0 h 1 w 2
Plateau 15 17: x: 17 y: 15
    01234567890123456
000 XXXXXXXXXXXXX....
001 XXXXXXXXXXXX.....
002 .XXXXXX..........
003 .XXX.............
004 OOXXXX...........
005 OOOOXXX..........
006 OOOOO.XX.........
007 OOOOOOXXXXX......
008 OOOOOOOOOXX......
009 OOOOOOOOXXX......
010 .OOOOOOXXX.......
011 OOOOOOOXX........
012 OO..OOXXXXXXXXX..
013 .................
014 .................
Piece 1 3: x: 3 y: 1
.**
highest 23 enemy X rect.x 1 rect.y 0
highest pos x 1 y 1
size x: 18, y: 15
0000: 2 1 2 3 4 5 6 7 8 9 10 11 12 13 14 15 16 17 
0001: 1 0 1 2 3 4 5 6 7 8 9 10 11 12 13 14 15 16 
0002: 2 1 2 3 4 5 6 7 8 9 10 11 12 13 14 15 16 17 
0003: 3 2 3 4 5 6 7 8 9 10 11 12 13 14 15 16 17 18 
0004: 4 3 4 5 6 7 8 9 10 11 12 13 14 15 16 17 18 19 
0005: 5 4 5 6 7 8 9 10 11 12 13 14 15 16 17 18 19 20 
0006: 6 5 6 7 8 9 10 11 12 13 14 15 16 17 18 19 20 21 
0007: 7 6 7 8 9 10 11 12 13 14 15 16 17 18 19 20 21 22 
0008: 8 7 8 9 10 11 12 13 14 15 16 17 18 19 20 21 22 23 
0009: 9 8 9 10 11 12 13 14 15 16 17 18 19 20 21 22 23 24 
0010: 10 9 10 11 12 13 14 15 16 17 18 19 20 21 22 23 24 25 
0011: 11 10 11 12 13 14 15 16 17 18 19 20 21 22 23 24 25 26 
0012: 12 11 12 13 14 15 16 17 18 19 20 21 22 23 24 25 26 27 
0013: 13 12 13 14 15 16 17 18 19 20 21 22 23 24 25 26 27 28 
0014: 14 13 14 15 16 17 18 19 20 21 22 23 24 25 26 27 28 29 
e_pos x 14 y 12
is seg here?
no its not
is seg here?
no its not
is seg here?
no its not
is seg here?
no its not
x 3 y 6 z 8
6 3
rect x 0 y 0 h 1 w 3
Plateau 15 17: x: 17 y: 15
    01234567890123456
000 XXXXXXXXXXXXX....
001 XXXXXXXXXXXXX....
002 .XXXXXX..........
003 .XXX.............
004 OOXXXX...........
005 OOOOXXX..........
006 OOOOOOXX.........
007 OOOOOOXXXXX......
008 OOOOOOOOOXX......
009 OOOOOOOOXXX......
010 .OOOOOOXXX.......
011 OOOOOOOXX........
012 OO..OOXXXXXXXXX..
013 .................
014 .................
Piece 1 3: x: 3 y: 1
***
highest 25 enemy X rect.x 0 rect.y 0
highest pos x 0 y 1
size x: 17, y: 15
0000: 1 2 3 4 5 6 7 8 9 10 11 12 13 14 15 16 17 
0001: 0 1 2 3 4 5 6 7 8 9 10 11 12 13 14 15 16 
0002: 1 2 3 4 5 6 7 8 9 10 11 12 13 14 15 16 17 
0003: 2 3 4 5 6 7 8 9 10 11 12 13 14 15 16 17 18 
0004: 3 4 5 6 7 8 9 10 11 12 13 14 15 16 17 18 19 
0005: 4 5 6 7 8 9 10 11 12 13 14 15 16 17 18 19 20 
0006: 5 6 7 8 9 10 11 12 13 14 15 16 17 18 19 20 21 
0007: 6 7 8 9 10 11 12 13 14 15 16 17 18 19 20 21 22 
0008: 7 8 9 10 11 12 13 14 15 16 17 18 19 20 21 22 23 
0009: 8 9 10 11 12 13 14 15 16 17 18 19 20 21 22 23 24 
0010: 9 10 11 12 13 14 15 16 17 18 19 20 21 22 23 24 25 
0011: 10 11 12 13 14 15 16 17 18 19 20 21 22 23 24 25 26 
0012: 11 12 13 14 15 16 17 18 19 20 21 22 23 24 25 26 27 
0013: 12 13 14 15 16 17 18 19 20 21 22 23 24 25 26 27 28 
0014: 13 14 15 16 17 18 19 20 21 22 23 24 25 26 27 28 29 
e_pos x 14 y 12
is seg here?
no its not
is seg here?
no its not
x 1 y 12 z 12
12 1
rect x 0 y 0 h 1 w 2
Plateau 15 17: x: 17 y: 15
    01234567890123456
000 XXXXXXXXXXXXXX...
001 XXXXXXXXXXXXX....
002 .XXXXXX..........
003 .XXX.............
004 OOXXXX...........
005 OOOOXXX..........
006 OOOOOOXX.........
007 OOOOOOXXXXX......
008 OOOOOOOOOXX......
009 OOOOOOOOXXX......
010 .OOOOOOXXX.......
011 OOOOOOOXX........
012 OOOOOOXXXXXXXXX..
013 .................
014 .................
Piece 1 2: x: 2 y: 1
**
highest 25 enemy X rect.x 0 rect.y 0
highest pos x 0 y 1
size x: 17, y: 15
0000: 1 2 3 4 5 6 7 8 9 10 11 12 13 14 15 16 17 
0001: 0 1 2 3 4 5 6 7 8 9 10 11 12 13 14 15 16 
0002: 1 2 3 4 5 6 7 8 9 10 11 12 13 14 15 16 17 
0003: 2 3 4 5 6 7 8 9 10 11 12 13 14 15 16 17 18 
0004: 3 4 5 6 7 8 9 10 11 12 13 14 15 16 17 18 19 
0005: 4 5 6 7 8 9 10 11 12 13 14 15 16 17 18 19 20 
0006: 5 6 7 8 9 10 11 12 13 14 15 16 17 18 19 20 21 
0007: 6 7 8 9 10 11 12 13 14 15 16 17 18 19 20 21 22 
0008: 7 8 9 10 11 12 13 14 15 16 17 18 19 20 21 22 23 
0009: 8 9 10 11 12 13 14 15 16 17 18 19 20 21 22 23 24 
0010: 9 10 11 12 13 14 15 16 17 18 19 20 21 22 23 24 25 
0011: 10 11 12 13 14 15 16 17 18 19 20 21 22 23 24 25 26 
0012: 11 12 13 14 15 16 17 18 19 20 21 22 23 24 25 26 27 
0013: 12 13 14 15 16 17 18 19 20 21 22 23 24 25 26 27 28 
0014: 13 14 15 16 17 18 19 20 21 22 23 24 25 26 27 28 29 
e_pos x 14 y 12
is seg here?
no its not
x 0 y 10 z 9
10 0
rect x 0 y 0 h 1 w 2
Plateau 15 17: x: 17 y: 15
    01234567890123456
000 XXXXXXXXXXXXXXX..
001 XXXXXXXXXXXXXXX..
002 .XXXXXX..........
003 .XXX.............
004 OOXXXX...........
005 OOOOXXX..........
006 OOOOOOXX.........
007 OOOOOOXXXXX......
008 OOOOOOOOOXX......
009 OOOOOOOOXXX......
010 OOOOOOOXXX.......
011 OOOOOOOXX........
012 OOOOOOXXXXXXXXX..
013 .................
014 .................
Piece 2 3: x: 3 y: 2
**.
...
highest 25 enemy X rect.x 0 rect.y 0
highest pos x 0 y 1
size x: 17, y: 15
0000: 1 2 3 4 5 6 7 8 9 10 11 12 13 14 15 16 17 
0001: 0 1 2 3 4 5 6 7 8 9 10 11 12 13 14 15 16 
0002: 1 2 3 4 5 6 7 8 9 10 11 12 13 14 15 16 17 
0003: 2 3 4 5 6 7 8 9 10 11 12 13 14 15 16 17 18 
0004: 3 4 5 6 7 8 9 10 11 12 13 14 15 16 17 18 19 
0005: 4 5 6 7 8 9 10 11 12 13 14 15 16 17 18 19 20 
0006: 5 6 7 8 9 10 11 12 13 14 15 16 17 18 19 20 21 
0007: 6 7 8 9 10 11 12 13 14 15 16 17 18 19 20 21 22 
0008: 7 8 9 10 11 12 13 14 15 16 17 18 19 20 21 22 23 
0009: 8 9 10 11 12 13 14 15 16 17 18 19 20 21 22 23 24 
0010: 9 10 11 12 13 14 15 16 17 18 19 20 21 22 23 24 25 
0011: 10 11 12 13 14 15 16 17 18 19 20 21 22 23 24 25 26 
0012: 11 12 13 14 15 16 17 18 19 20 21 22 23 24 25 26 27 
0013: 12 13 14 15 16 17 18 19 20 21 22 23 24 25 26 27 28 
0014: 13 14 15 16 17 18 19 20 21 22 23 24 25 26 27 28 29 
e_pos x 14 y 12
x 0 y 0 z 100000
0 0
